75 2775
5.37 7.79 11.37
86825.2
7 88 5 29 75 88 66 88 98 71 9 4 16 57 17 58 81 63 51 23 10 66 86 62 43 13 12 53 90 6 20 63 80 85 37 36 71 82 46 94 88 98 30 67 26 11 46 43 23 31 48 7 25 86 98 2 11 23 19 63 69 37 49 91 81 42 5 20 20 75 83 58 52 1 65 
0 19.66 22.43 14.61 6.75 13.25 25.66 1.76 25.89 17.97 27.55 27.25 2.99 7.9 19.53 15.8 23.3 10.95 15.16 6.44 8.74 22.28 23.64 9.71 14.28 6.55 15.14 17.85 3.4 29.97 16.18 21.18 14.84 7.49 21.6 8.7 6.36 1.31 0.93 7.05 2.8 19.1 14.34 8.98 2.15 28.98 18.26 19.24 12.85 24.24 12.68 17.21 8.86 6.16 15.2 16.92 9.98 22.82 13.64 25.84 18.19 20.26 20.1 4.65 18.31 20.72 3.4 28.24 11.87 23.63 10.08 8.31 21.97 27.09 28.21 
19.66 0 24.24 23.59 12.91 18.19 21.52 18.88 8.93 5.59 19.63 18.64 21.81 13.63 18.74 17.16 17.37 22.76 7.53 23.72 14.91 23.53 4.29 10.72 21.9 20.73 16.79 16.12 21.41 22.01 19.85 20.03 12.02 12.35 23.85 13.95 13.3 19.95 19.35 16.43 22.46 5.15 8.57 11.69 18.94 20.89 6.84 0.43 15.05 5.42 9.63 29.24 24.02 14.54 13.19 13.56 19.89 29.89 24.43 19.58 9.14 31 17.6 21.55 20.84 5.83 17.41 20.48 9.71 23.73 25.64 15.1 32.4 20 15.61 
22.43 24.24 0 9.24 20.88 9.37 7.11 20.69 22.03 18.67 11.74 12.44 25.2 25.29 5.5 7.94 9.24 12.88 27.1 19.16 14.91 0.82 27.8 23.9 8.58 16.43 8.58 8.14 25.81 12.71 6.36 4.5 12.69 19.78 0.84 15.68 20.97 23.72 21.49 26.94 23.52 28.21 27.25 24.24 20.28 12.42 17.48 24.12 11.25 24.21 26.57 12.85 16.48 24.11 11.46 10.71 12.57 7.53 11.15 9.53 15.2 11.91 6.85 18.98 4.3 19.53 19.41 11.77 25.71 2.1 16.94 15.22 12.28 10.7 17.27 
14.61 23.59 9.24 0 15.43 5.48 15.1 13.04 24.84 18.74 18.91 19.21 17.05 19.59 9.67 7.7 15.05 3.88 23.75 10.19 9.72 9.47 27.76 19.19 1.8 8.1 7.66 10.25 17.81 20.62 5.36 10.53 11.99 14.68 8.42 10.78 15.35 15.92 13.72 20.45 15.08 26.14 23.53 19.17 12.59 20.01 17.99 23.32 8.58 25.57 22.38 5.87 7.34 18.03 11.08 11.74 5.01 8.28 1.97 16.67 16.21 7.45 11.2 10.46 6.59 20.72 12.25 19.26 21.42 11.08 7.7 9.8 8.96 18.04 22.76 
6.75 12.91 20.88 15.43 0 11.69 22.25 6.05 19.43 11.55 23.13 22.63 9.11 4.42 16.65 13.12 19.12 12.84 9.25 11.44 6.06 20.5 16.94 3.93 14.34 9.26 12.44 14.34 8.9 25.68 14.62 18.37 10.16 1.25 20.15 5.2 0.4 7.15 6.46 6.38 9.55 12.8 8.69 3.76 6.19 24.6 12.05 12.5 9.74 17.53 7.26 19.85 12.61 3.42 10.96 12.61 10.48 23.49 15.3 21.78 12.46 22.45 16.67 9.2 16.58 14.29 4.85 23.91 6.3 21.54 14.19 5.83 24.1 22.89 22.64 
13.25 18.19 9.37 5.48 11.69 0 12.73 11.5 19.52 13.26 15.52 15.55 16.14 16.1 6.54 3.1 11.3 6.25 19.03 11.31 5.64 9.12 22.33 15.05 3.73 7.94 2.69 5.78 16.65 17.66 3.01 8.06 6.51 10.69 8.59 6.53 11.74 14.52 12.33 17.6 14.7 21.04 18.96 15.25 11.11 16.83 12.52 17.94 3.14 20.1 18.01 11.32 9.4 14.82 5.66 6.56 4.18 12.26 6.73 13.48 10.8 12.82 7.54 10.44 5.12 15.26 10.1 16.06 17.08 10.4 10.56 5.91 14.21 14.84 18.26 
25.66 21.52 7.11 15.1 22.25 12.73 0 23.91 17 16.11 4.73 5.59 28.62 26.44 6.19 9.88 4.16 18.11 26.19 23.93 17.08 6.42 24.34 24.36 13.85 20.66 10.53 7.96 29.03 5.65 10.34 4.74 12.29 21.02 7.58 17.48 22.46 26.85 24.76 28.63 27.36 26.22 26.63 24.96 23.57 5.3 14.79 21.53 12.9 20.01 26.38 19.66 21.66 25.67 11.33 9.78 16.81 14.56 17.07 2.75 12.61 19 5.63 23.17 8.56 15.97 22.32 4.67 25.66 5.1 22.48 17.49 19.39 3.67 10.84 
1.76 18.88 20.69 13.04 6.05 11.5 23.91 0 24.68 16.77 25.86 25.59 4.71 8.2 17.78 14.05 21.6 9.48 15 5.79 7.07 20.54 22.97 9.5 12.62 5.08 13.39 16.13 5.16 28.27 14.43 19.43 13.25 6.54 19.87 7.11 5.69 3.03 0.84 7.94 3.95 18.77 14.27 8.9 0.45 27.29 16.97 18.47 11.13 23.24 12.67 15.98 7.78 6.4 13.55 15.27 8.3 21.28 12.17 24.13 16.75 18.96 18.37 3.67 16.56 19.52 1.79 26.54 11.79 21.89 9.16 6.64 20.67 25.39 26.69 
25.89 8.93 22.03 24.84 19.43 19.52 17 24.68 0 7.93 13.54 12.41 28.51 21.48 16.93 17.22 13.16 25.42 16.39 28.33 18.76 21.23 9.09 18.51 23.04 24.87 17.19 15.02 28.33 15.41 19.88 17.54 13.22 18.47 21.95 18.14 19.82 26.51 25.35 24.33 28.59 13.85 17.37 19.48 24.61 14.43 7.79 9.25 16.78 4.14 18.23 30.71 27.72 21.95 13.88 13.11 22.68 29.02 26.25 14.42 8.82 31.62 15.33 26.44 19.95 5.17 22.96 14.28 18.11 20.8 29.22 19.11 32.7 14.28 7.84 
17.97 5.59 18.67 18.74 11.55 13.26 16.11 16.77 7.93 0 14.73 13.85 20.6 14.03 13.17 11.82 12 18.51 10.7 20.67 11.19 17.95 9.28 11.14 16.98 17.32 11.52 10.57 20.44 17.24 14.56 14.44 6.8 10.56 18.3 10.45 11.94 18.6 17.42 16.84 20.66 10.12 11.4 12.06 16.71 16.1 1.32 5.51 10.17 7.02 11.73 24.54 20.37 14.26 7.88 8.03 15.65 24.52 19.82 14.36 3.57 26.02 12.01 18.69 15.38 2.76 15.06 15.6 11.33 18.14 21.93 11.49 27.33 14.96 11.99 
27.55 19.63 11.74 18.91 23.13 15.52 4.73 25.86 13.54 14.73 0 1.13 30.53 26.97 9.3 12.43 4.29 21.46 25.37 26.81 18.81 11 21.78 24.54 17.44 23.35 12.96 9.9 30.8 2.58 13.73 8.44 13.01 21.89 12.12 18.94 23.4 28.65 26.7 29.44 29.57 24.65 25.98 25.27 25.57 1.47 13.46 19.72 14.77 17.07 26.03 23.9 24.86 26.5 12.4 10.68 19.7 19.24 20.83 2.28 11.65 23.5 7.99 25.74 12.34 13.81 24.15 0.86 25.44 9.8 25.88 19.23 23.99 1.06 6.45 
27.25 18.64 12.44 19.21 22.63 15.55 5.59 25.59 12.41 13.85 1.13 0 30.23 26.38 9.54 12.45 4.26 21.59 24.52 26.78 18.52 11.68 20.71 23.88 17.68 23.28 12.92 9.83 30.47 3.39 13.94 8.86 12.57 21.38 12.76 18.6 22.91 28.32 26.42 28.89 29.35 23.69 25.16 24.64 25.31 2.26 12.59 18.75 14.57 15.97 25.27 24.35 24.93 25.97 12.06 10.33 19.71 19.97 21.1 2.92 10.88 24.08 8.11 25.62 12.7 12.82 23.85 1.9 24.71 10.56 26 18.95 24.63 2.04 5.37 
2.99 21.81 25.2 17.05 9.11 16.14 28.62 4.71 28.51 20.6 30.53 30.23 0 8.97 22.48 18.75 26.29 13.25 16.56 7.75 11.73 25.09 25.63 11.37 16.9 8.96 18.09 20.84 1 32.96 19.02 24.11 17.79 10.04 24.37 11.66 8.72 2.01 3.86 7.16 2.32 20.68 15.62 10.49 5.05 31.97 20.97 21.39 15.83 26.62 13.94 18.96 10.6 7.5 18.18 19.9 12.66 25.11 15.87 28.82 21.03 22.11 23.08 6.63 21.15 23.35 6.39 31.23 13.25 26.48 11.51 11.3 23.8 30.08 31.11 
7.9 13.63 25.29 19.59 4.42 16.1 26.44 8.2 21.48 14.03 26.97 26.38 8.97 0 20.98 17.51 23.12 16.69 7.61 13.98 10.46 24.91 17.07 2.98 18.61 12.67 16.83 18.59 8.31 29.55 19.03 22.7 14.19 5.54 24.57 9.62 4.36 7.52 8.14 2.86 10.38 11.77 6.65 2 8.53 28.44 14.84 13.21 14.13 18.85 4.97 23.61 15.8 1.8 15.11 16.7 14.59 27.75 19.27 25.78 15.76 26.37 20.91 11.85 21 16.57 7.86 27.78 4.33 25.93 17.27 10.21 28.05 26.82 25.79 
19.53 18.74 5.5 9.67 16.65 6.54 6.19 17.78 16.93 13.17 9.3 9.54 22.48 20.98 0 3.74 5.39 12.19 21.94 17.8 11.11 4.79 22.31 19.23 8.14 14.48 4.41 2.71 22.92 11.24 4.42 1.72 7.44 15.45 5.19 11.63 16.81 20.75 18.62 22.96 21.18 22.8 22.18 19.69 17.43 10.5 11.98 18.63 6.97 18.82 21.65 14.99 15.66 20.02 6.26 5.26 10.66 12.08 11.56 7.12 9.7 15.16 1.69 16.98 3.3 14.08 16.23 9.73 20.83 5.21 16.6 11.5 16.02 8.5 13.33 
15.8 17.16 7.94 7.7 13.12 3.1 9.88 14.05 17.22 11.82 12.43 12.45 18.75 17.51 3.74 0 8.2 9.26 19.23 14.38 7.41 7.46 21.08 15.98 5.93 10.95 0.69 2.71 19.18 14.61 2.76 5.42 5.15 11.97 7.31 8 13.25 17.01 14.89 19.36 17.49 20.64 19.34 16.35 13.69 13.76 10.85 16.97 3.38 18.29 18.63 13.52 12.5 16.45 3.97 4.12 7.27 12.73 9.32 10.42 8.82 14.47 4.49 13.39 3.85 13.4 12.49 12.99 17.77 8.41 13.63 7.79 15.66 11.77 15.29 
23.3 17.37 9.24 15.05 19.12 11.3 4.16 21.6 13.16 12 4.29 4.26 26.29 23.12 5.39 8.2 0 17.34 22.26 22.55 14.56 8.43 20.2 20.84 13.48 19.07 8.69 5.62 26.58 6.67 9.74 5.05 8.97 17.88 9.37 14.75 19.38 24.42 22.44 25.48 25.29 22.11 22.76 21.5 21.31 5.69 10.68 17.38 10.49 15.94 22.62 20.35 20.68 22.53 8.24 6.53 15.47 16.67 16.92 2.67 8.54 20.34 3.87 21.45 8.65 11.82 19.9 4.94 21.96 7.74 21.75 14.99 21.04 3.81 8.13 
10.95 22.76 12.88 3.88 12.84 6.25 18.11 9.48 25.42 18.51 21.46 21.59 13.25 16.69 12.19 9.26 17.34 0 21.74 6.33 7.96 13.01 27.04 16.75 4.36 4.41 8.93 11.97 14.04 23.42 7.8 13.39 12.2 12.33 12.05 9 12.69 12.24 10.1 17.2 11.22 24.61 21.36 16.57 9.03 22.68 18.01 22.45 8.64 25.52 20.05 7.01 3.61 15.01 11.6 12.74 2.88 11.88 2.69 19.3 16.6 9.68 13.49 6.63 9.59 20.82 8.98 21.91 19.08 14.58 4.42 7.87 11.37 20.68 24.5 
15.16 7.53 27.1 23.75 9.25 19.03 26.19 15 16.39 10.7 25.37 24.52 16.56 7.61 21.94 19.23 22.26 21.74 0 20.63 14.05 26.53 9.98 5.5 22.36 18.48 18.66 19.24 15.92 27.9 21.5 23.52 14.49 9.46 26.52 12.98 9.53 15 15.19 10.02 17.82 4.21 1.11 6.19 15.23 26.76 11.93 7.17 16.2 12.92 2.67 28.72 21.84 9.11 15.69 16.8 19.11 31.29 24 24.79 13.78 31.08 21.27 18.4 23.07 12.41 14.06 26.23 3.32 27.14 23.44 14.02 32.67 25.51 22.43 
6.44 23.72 19.16 10.19 11.44 11.31 23.93 5.79 28.33 20.67 26.81 26.78 7.75 13.98 17.8 14.38 22.55 6.33 20.63 0 9.58 19.24 27.94 15.16 10.59 3.59 13.86 16.95 8.7 28.97 13.63 19.2 15.6 11.57 18.32 10.23 11.13 7.45 5.92 13.48 5.48 24.23 19.96 14.63 5.48 28.13 20.56 23.34 12.49 27.54 18.4 11.23 3 12.19 15.45 16.96 7.14 17.77 8.64 24.78 19.76 14.39 18.85 2.24 15.62 23.31 6.59 27.36 17.49 20.78 3.76 9.23 16.07 26.14 28.92 
8.74 14.91 14.91 9.72 6.06 5.64 17.08 7.07 18.76 11.19 18.81 18.52 11.73 10.46 11.11 7.41 14.56 7.96 14.05 9.58 0 14.58 19.2 9.57 8.43 6.13 6.72 9.18 12.03 21.23 8.59 12.81 6.3 5.11 14.16 1.08 6.1 9.86 7.9 12.04 10.88 16.68 13.81 9.68 6.8 20.24 11 14.58 4.19 18.16 12.69 14.78 9.22 9.2 6.5 8.2 5.15 17.54 9.99 17.11 10.23 17.04 11.47 7.77 10.61 13.78 5.34 19.5 11.73 15.72 10.81 0.43 18.62 18.36 19.8 
22.28 23.53 0.82 9.47 20.5 9.12 6.42 20.54 21.23 17.95 11 11.68 25.09 24.91 4.79 7.46 8.43 13.01 26.53 19.24 14.58 0 27.06 23.44 8.66 16.4 8.11 7.46 25.67 12.05 6.12 3.7 12.07 19.38 1.18 15.31 20.6 23.57 21.35 26.62 23.47 27.55 26.7 23.81 20.13 11.72 16.75 23.42 10.81 23.42 26.06 13.38 16.62 23.77 10.85 10.03 12.51 8.31 11.41 8.77 14.46 12.57 6.07 18.96 4 18.77 19.2 11.06 25.21 1.62 17.15 14.91 12.99 9.97 16.47 
23.64 4.29 27.8 27.76 16.94 22.33 24.34 22.97 9.09 9.28 21.78 20.71 25.63 17.07 22.31 21.08 20.2 27.04 9.98 27.94 19.2 27.06 0 14.31 26.05 25 20.77 19.78 25.15 23.96 23.82 23.45 16.01 16.48 27.48 18.23 17.32 23.83 23.4 19.74 26.43 6.09 11.09 15.24 23.06 22.89 10.36 4.63 19.19 4.97 12.51 33.46 28.3 18.2 17.13 17.28 24.16 33.8 28.66 22.12 12.61 35.14 21.02 25.76 24.65 8.41 21.56 22.6 12.85 27.09 29.92 19.38 36.51 22.32 16.78 
9.71 10.72 23.9 19.19 3.93 15.05 24.36 9.5 18.51 11.14 24.54 23.88 11.37 2.98 19.23 15.98 20.84 16.75 5.5 15.16 9.57 23.44 14.31 0 17.99 13.18 15.33 16.7 10.84 27.13 17.83 20.92 12.08 4.5 23.22 8.56 4.15 9.67 9.69 5.83 12.42 9.4 4.81 0.98 9.73 26 12.01 10.29 12.65 15.89 3.33 23.76 16.5 3.89 13.11 14.59 14.31 27.11 19.17 23.49 13.11 26.31 18.96 12.93 19.66 13.63 8.61 25.37 2.37 24.32 18.07 9.42 27.96 24.46 23 
14.28 21.9 8.58 1.8 14.34 3.73 13.85 12.62 23.04 16.98 17.44 17.68 16.9 18.61 8.14 5.93 13.48 4.36 22.36 10.59 8.43 8.66 26.05 17.99 0 7.97 5.86 8.51 17.59 19.27 3.74 9.17 10.21 13.5 7.74 9.47 14.3 15.59 13.36 19.7 15.08 24.6 22.19 18.05 12.18 18.59 16.21 21.65 6.86 23.79 21.12 7.67 7.98 17.13 9.28 9.94 4.32 9.15 3.46 15.23 14.42 9.1 9.61 10.48 5.29 18.93 11.62 17.84 20.16 10.22 8.65 8.57 10.53 16.61 21.07 
6.55 20.73 16.43 8.1 9.26 7.94 20.66 5.08 24.87 17.32 23.35 23.28 8.96 12.67 14.48 10.95 19.07 4.41 18.48 3.59 6.13 16.4 25 13.18 7.97 0 10.39 13.46 9.71 25.56 10.51 15.97 12.03 9.06 15.59 6.91 9.03 7.84 5.68 12.91 7.11 21.76 17.95 12.84 4.64 24.69 17.12 20.37 8.91 24.26 16.5 11 3.39 10.92 11.86 13.38 3.92 16.27 7.1 21.37 16.23 13.92 15.43 2.56 12.59 19.91 4.81 23.92 15.55 17.88 5.01 5.83 15.62 22.71 25.34 
15.14 16.79 8.58 7.66 12.44 2.69 10.53 13.39 17.19 11.52 12.96 12.92 18.09 16.83 4.41 0.69 8.69 8.93 18.66 13.86 6.72 8.11 20.77 15.33 5.86 10.39 0 3.11 18.52 15.18 3.06 6.1 4.77 11.29 7.92 7.31 12.57 16.35 14.23 18.67 16.86 20.16 18.75 15.69 13.04 14.3 10.61 16.59 2.71 18.11 18.01 13.52 12.07 15.77 3.65 4.08 6.8 13.11 9.17 10.99 8.66 14.61 5.07 12.82 4.41 13.23 11.82 13.53 17.14 9.09 13.25 7.1 15.85 12.32 15.58 
17.85 16.12 8.14 10.25 14.34 5.78 7.96 16.13 15.02 10.57 9.9 9.83 20.84 18.59 2.71 2.71 5.62 11.97 19.24 16.95 9.18 7.46 19.78 16.7 8.51 13.46 3.11 0 21.19 12.19 4.97 4.29 4.76 13.11 7.73 9.53 14.53 19.01 16.97 20.7 19.74 20.1 19.5 17.21 15.81 11.27 9.43 15.99 5.01 16.53 19.02 15.97 15.17 17.75 3.61 2.57 9.91 14.2 11.95 8.02 7.19 16.63 2.34 15.84 5 11.7 14.47 10.51 18.22 7.91 16.33 9.59 17.68 9.32 12.6 
3.4 21.41 25.81 17.81 8.9 16.65 29.03 5.16 28.33 20.44 30.8 30.47 1 8.31 22.92 19.18 26.58 14.04 15.92 8.7 12.03 25.67 25.15 10.84 17.59 9.71 18.52 21.19 0 33.25 19.58 24.57 17.96 9.91 24.98 11.87 8.51 2.17 4.33 6.32 3.3 20.07 14.95 9.94 5.55 32.25 20.88 20.98 16.18 26.31 13.28 19.88 11.5 6.95 18.42 20.14 13.31 25.92 16.69 29.14 21.04 23.01 23.45 7.46 21.71 23.18 6.71 31.51 12.62 27.03 12.46 11.61 24.71 30.38 31.17 
29.97 22.01 12.71 20.62 25.68 17.66 5.65 28.27 15.41 17.24 2.58 3.39 32.96 29.55 11.24 14.61 6.67 23.42 27.9 28.97 21.23 12.05 23.96 27.13 19.27 25.56 15.18 12.19 33.25 0 15.63 10.11 15.54 24.44 13.22 21.41 25.95 31.09 29.11 32 31.93 27.07 28.53 27.85 27.96 1.14 15.98 22.12 17.14 19.14 28.6 25.31 26.9 29.06 14.89 13.17 21.83 20.01 22.58 4.19 14.22 24.62 10.12 27.99 14.04 16.18 26.57 1.77 28.02 10.64 27.83 21.66 24.95 2.88 7.8 
16.18 19.85 6.36 5.36 14.62 3.01 10.34 14.43 19.88 14.56 13.73 13.94 19.02 19.03 4.42 2.76 9.74 7.8 21.5 13.63 8.59 6.12 23.82 17.83 3.74 10.51 3.06 4.97 19.58 15.63 0 5.61 7.83 13.56 5.58 9.42 14.68 17.46 15.25 20.59 17.48 23.16 21.52 18.09 14.03 14.91 13.61 19.65 5.31 21.05 20.68 11.01 11.32 17.79 6.69 6.84 6.6 10.06 7.19 11.54 11.58 11.75 5.87 13.07 2.14 16.16 13.08 14.15 19.78 7.46 12.2 8.89 12.91 12.92 17.4 
21.18 20.03 4.5 10.53 18.37 8.06 4.74 19.43 17.54 14.44 8.44 8.86 24.11 22.7 1.72 5.42 5.05 13.39 23.52 19.2 12.81 3.7 23.45 20.92 9.17 15.97 6.1 4.29 24.57 10.11 5.61 0 9.05 17.18 4.43 13.35 18.53 22.41 20.26 24.68 22.75 24.24 23.79 21.4 19.06 9.48 13.21 19.94 8.69 19.74 23.3 15.49 16.93 21.75 7.89 6.75 12.09 11.69 12.48 6.17 10.9 15.31 2.43 18.49 3.94 15.12 17.9 8.74 22.5 3.71 17.78 13.2 15.99 7.53 13.18 
14.84 12.02 12.69 11.99 10.16 6.51 12.29 13.25 13.22 6.8 13.01 12.57 17.79 14.19 7.44 5.15 8.97 12.2 14.49 15.6 6.3 12.07 16.01 12.08 10.21 12.03 4.77 4.76 17.96 15.54 7.83 9.05 0 8.91 12.17 6.14 10.42 15.84 14.05 16.51 17.13 15.57 14.74 12.67 13.02 14.47 6 11.83 3.57 13.59 14.27 17.83 14.62 13.56 1.23 2.51 9.47 17.87 13.19 11.63 4.41 19.22 6.92 13.98 8.91 8.75 11.47 13.77 13.5 12.65 16.06 6.71 20.53 12.73 13.51 
7.49 12.35 19.78 14.68 1.25 10.69 21.02 6.54 18.47 10.56 21.89 21.38 10.04 5.54 15.45 11.97 17.88 12.33 9.46 11.57 5.11 19.38 16.48 4.5 13.5 9.06 11.29 13.11 9.91 24.44 13.56 17.18 8.91 0 19.06 4.16 1.53 8.05 7.06 7.62 10.25 12.73 9.03 4.57 6.59 23.36 10.97 11.95 8.59 16.76 7.74 19.34 12.45 4.66 9.71 11.37 9.82 22.64 14.7 20.54 11.28 21.83 15.44 9.35 15.49 13.31 5.08 22.67 6.77 20.38 14.06 4.93 23.47 21.64 21.46 
21.6 23.85 0.84 8.42 20.15 8.59 7.58 19.87 21.95 18.3 12.12 12.76 24.37 24.57 5.19 7.31 9.37 12.05 26.52 18.32 14.16 1.18 27.48 23.22 7.74 15.59 7.92 7.73 24.98 13.22 5.58 4.43 12.17 19.06 0 14.95 20.23 22.9 20.67 26.17 22.68 27.72 26.65 23.54 19.46 12.87 17.14 23.72 10.57 23.99 25.94 12.2 15.65 23.36 10.94 10.29 11.73 7.31 10.34 9.87 14.87 11.42 6.66 18.14 3.57 19.27 18.6 12.21 25.06 2.76 16.12 14.46 11.88 11.1 17.46 
8.7 13.95 15.68 10.78 5.2 6.53 17.48 7.11 18.14 10.45 18.94 18.6 11.66 9.62 11.63 8 14.75 9 12.98 10.23 1.08 15.31 18.23 8.56 9.47 6.91 7.31 9.53 11.87 21.41 9.42 13.35 6.14 4.16 14.95 0 5.29 9.73 7.91 11.36 11.02 15.62 12.75 8.72 6.9 20.39 10.35 13.61 4.66 17.36 11.65 15.85 10.1 8.46 6.54 8.27 6.22 18.56 11.07 17.34 9.78 18.11 11.85 8.3 11.38 13.09 5.33 19.66 10.7 16.39 11.71 1.15 19.7 18.55 19.58 
6.36 13.3 20.97 15.35 0.4 11.74 22.46 5.69 19.82 11.94 23.4 22.91 8.72 4.36 16.81 13.25 19.38 12.69 9.53 11.13 6.1 20.6 17.32 4.15 14.3 9.03 12.57 14.53 8.51 25.95 14.68 18.53 10.42 1.53 20.23 5.29 0 6.76 6.08 6.17 9.16 13.13 8.94 3.88 5.84 24.88 12.42 12.89 9.88 17.93 7.47 19.69 12.36 3.22 11.19 12.86 10.39 23.45 15.18 22.03 12.8 22.32 16.86 8.89 16.67 14.67 4.54 24.18 6.52 21.66 13.94 5.85 23.98 23.15 22.98 
1.31 19.95 23.72 15.92 7.15 14.52 26.85 3.03 26.51 18.6 28.65 28.32 2.01 7.52 20.75 17.01 24.42 12.24 15 7.45 9.86 23.57 23.83 9.67 15.59 7.84 16.35 19.01 2.17 31.09 17.46 22.41 15.84 8.05 22.9 9.73 6.76 0 2.24 6.24 2.86 19.05 14.12 8.85 3.44 30.09 18.97 19.53 14.01 24.68 12.44 18.4 10.02 5.9 16.26 17.99 11.29 24.11 14.92 26.97 19.03 21.47 21.28 5.83 19.59 21.35 4.54 29.35 11.69 24.91 11.16 9.44 23.18 28.22 29.12 
0.93 19.35 21.49 13.72 6.46 12.33 24.76 0.84 25.35 17.42 26.7 26.42 3.86 8.14 18.62 14.89 22.44 10.1 15.19 5.92 7.9 21.35 23.4 9.69 13.36 5.68 14.23 16.97 4.33 29.11 15.25 20.26 14.05 7.06 20.67 7.91 6.08 2.24 0 7.6 3.24 19.04 14.41 9.03 1.22 28.13 17.66 18.94 11.98 23.81 12.78 16.46 8.16 6.36 14.38 16.09 9.06 21.94 12.79 24.97 17.5 19.48 19.21 3.96 17.38 20.18 2.58 27.38 11.93 22.7 9.45 7.47 21.19 26.23 27.47 
7.05 16.43 26.94 20.45 6.38 17.6 28.63 7.94 24.33 16.84 29.44 28.89 7.16 2.86 22.96 19.36 25.48 17.2 10.02 13.48 12.04 26.62 19.74 5.83 19.7 12.91 18.67 20.7 6.32 32 20.59 24.68 16.51 7.62 26.17 11.36 6.17 6.24 7.6 0 9.02 14.23 8.97 4.86 8.36 30.91 17.61 16.01 16 21.69 7.35 23.89 15.72 2.96 17.33 18.98 15.47 28.72 19.87 28.14 18.42 26.82 23.03 11.55 22.64 19.41 8.24 30.23 6.9 27.74 17.04 11.71 28.52 29.23 28.52 
2.8 22.46 23.52 15.08 9.55 14.7 27.36 3.95 28.59 20.66 29.57 29.35 2.32 10.38 21.18 17.49 25.29 11.22 17.82 5.48 10.88 23.47 26.43 12.42 15.08 7.11 16.86 19.74 3.3 31.93 17.48 22.75 17.13 10.25 22.68 11.02 9.16 2.86 3.24 9.02 0 21.82 16.95 11.64 4.12 30.98 20.9 22.04 14.8 27.01 15.28 16.71 8.38 8.73 17.37 19.06 10.96 23.02 13.79 27.76 20.7 19.86 21.91 4.62 19.59 23.42 5.73 30.23 14.5 24.91 9.22 10.45 21.55 29.05 30.6 
19.1 5.15 28.21 26.14 12.8 21.04 26.22 18.77 13.85 10.12 24.65 23.69 20.68 11.77 22.8 20.64 22.11 24.61 4.21 24.23 16.68 27.55 6.09 9.4 24.6 21.76 20.16 20.1 20.07 27.07 23.16 24.24 15.57 12.73 27.72 15.62 13.13 19.05 19.04 14.23 21.82 0 5.28 10.2 18.95 25.94 11.43 4.97 17.99 9.94 6.88 31.46 25.15 13.18 16.79 17.54 21.83 33.18 26.65 24.45 13.63 33.58 21.86 21.99 24.46 10.92 17.65 25.51 7.45 27.94 26.77 16.74 35.1 24.96 20.76 
14.34 8.57 27.25 23.53 8.69 18.96 26.63 14.27 17.37 11.4 25.98 25.16 15.62 6.65 22.18 19.34 22.76 21.36 1.11 19.96 13.81 26.7 11.09 4.81 22.19 17.95 18.75 19.5 14.95 28.53 21.52 23.79 14.74 9.03 26.65 12.75 8.94 14.12 14.41 8.97 16.95 5.28 0 5.38 14.52 27.39 12.6 8.19 16.22 13.97 1.68 28.36 21.3 8.22 15.92 17.11 18.8 31.19 23.69 25.32 14.34 30.8 21.59 17.74 23.16 13.25 13.43 26.84 2.49 27.38 22.87 13.74 32.41 26.09 23.25 
8.98 11.69 24.24 19.17 3.76 15.25 24.96 8.9 19.48 12.06 25.27 24.64 10.49 2 19.69 16.35 21.5 16.57 6.19 14.63 9.68 23.81 15.24 0.98 18.05 12.84 15.69 17.21 9.94 27.85 18.09 21.4 12.67 4.57 23.54 8.72 3.88 8.85 9.03 4.86 11.64 10.2 5.38 0 9.16 26.74 12.9 11.27 13 16.87 3.77 23.57 16.12 2.99 13.66 15.18 14.24 27.19 19.06 24.17 13.92 26.2 19.49 12.42 19.98 14.58 8.16 26.09 2.9 24.74 17.67 9.49 27.86 25.16 23.88 
2.15 18.94 20.28 12.59 6.19 11.11 23.57 0.45 24.61 16.71 25.57 25.31 5.05 8.53 17.43 13.69 21.31 9.03 15.23 5.48 6.8 20.13 23.06 9.73 12.18 4.64 13.04 15.81 5.55 27.96 14.03 19.06 13.02 6.59 19.46 6.9 5.84 3.44 1.22 8.36 4.12 18.95 14.52 9.16 0 26.99 16.87 18.54 10.82 23.23 12.93 15.55 7.38 6.73 13.29 15 7.87 20.83 11.73 23.81 16.6 18.52 18.04 3.32 16.16 19.45 1.65 26.24 12.04 21.49 8.78 6.37 20.23 25.09 26.48 
28.98 20.89 12.42 20.01 24.6 16.83 5.3 27.29 14.43 16.1 1.47 2.26 31.97 28.44 10.5 13.76 5.69 22.68 26.76 28.13 20.24 11.72 22.89 26 18.59 24.69 14.3 11.27 32.25 1.14 14.91 9.48 14.47 23.36 12.87 20.39 24.88 30.09 28.13 30.91 30.98 25.94 27.39 26.74 26.99 0 14.83 21 16.18 18.1 27.46 24.85 26.12 27.98 13.86 12.13 21.01 19.83 21.95 3.38 13.08 24.29 9.28 27.1 13.42 15.06 25.58 0.77 26.89 10.39 27.1 20.67 24.69 2 6.96 
18.26 6.84 17.48 17.99 12.05 12.52 14.79 16.97 7.79 1.32 13.46 12.59 20.97 14.84 11.98 10.85 10.68 18.01 11.93 20.56 11 16.75 10.36 12.01 16.21 17.12 10.61 9.43 20.88 15.98 13.61 13.21 6 10.97 17.14 10.35 12.42 18.97 17.66 17.61 20.9 11.43 12.6 12.9 16.87 14.83 0 6.79 9.51 7.59 12.83 23.84 20.07 14.93 6.98 6.94 15.18 23.49 19.17 13.05 2.3 25.19 10.77 18.65 14.31 2.82 15.22 14.32 12.38 16.89 21.6 11.33 26.46 13.66 11 
19.24 0.43 24.12 23.32 12.5 17.94 21.53 18.47 9.25 5.51 19.72 18.75 21.39 13.21 18.63 16.97 17.38 22.45 7.17 23.34 14.58 23.42 4.63 10.29 21.65 20.37 16.59 15.99 20.98 22.12 19.65 19.94 11.83 11.95 23.72 13.61 12.89 19.53 18.94 16.01 22.04 4.97 8.19 11.27 18.54 21 6.79 0 14.8 5.81 9.23 28.96 23.67 14.11 13.01 13.43 19.57 29.7 24.14 19.62 9.08 30.74 17.52 21.17 20.67 5.95 17.01 20.58 9.3 23.64 25.29 14.76 32.15 20.08 15.82 
12.85 15.05 11.25 8.58 9.74 3.14 12.9 11.13 16.78 10.17 14.77 14.57 15.83 14.13 6.97 3.38 10.49 8.64 16.2 12.49 4.19 10.81 19.19 12.65 6.86 8.91 2.71 5.01 16.18 17.14 5.31 8.69 3.57 8.59 10.57 4.66 9.88 14.01 11.98 16 14.8 17.99 16.22 13 10.82 16.18 9.51 14.8 0 17.09 15.41 14.37 11.21 13.08 3.03 4.47 5.96 15.2 9.66 12.99 7.97 15.95 7.29 11.11 7.02 12.29 9.47 15.43 14.52 11.8 12.6 4.6 17.35 14.27 16.44 
24.24 5.42 24.21 25.57 17.53 20.1 20.01 23.24 4.14 7.02 17.07 15.97 26.62 18.85 18.82 18.29 15.94 25.52 12.92 27.54 18.16 23.42 4.97 15.89 23.79 24.26 18.11 16.53 26.31 19.14 21.05 19.74 13.59 16.76 23.99 17.36 17.93 24.68 23.81 21.69 27.01 9.94 13.97 16.87 23.23 18.1 7.59 5.81 17.09 0 15.04 31.42 27.36 19.59 14.52 14.23 22.67 30.73 26.75 17.62 9.47 32.72 17.36 25.48 21.52 4.89 21.62 17.87 15.08 23.25 28.94 18.44 33.95 17.69 11.82 
12.68 9.63 26.57 22.38 7.26 18.01 26.38 12.67 18.23 11.73 26.03 25.27 13.94 4.97 21.65 18.63 22.62 20.05 2.67 18.4 12.69 26.06 12.51 3.33 21.12 16.5 18.01 19.02 13.28 28.6 20.68 23.3 14.27 7.74 25.94 11.65 7.47 12.44 12.78 7.35 15.28 6.88 1.68 3.77 12.93 27.46 12.83 9.23 15.41 15.04 0 27.06 19.82 6.55 15.41 16.71 17.56 30.19 22.44 25.23 14.38 29.57 21.18 16.18 22.41 13.83 11.9 26.88 0.97 26.82 21.38 12.58 31.21 26.07 23.7 
17.21 29.24 12.85 5.87 19.85 11.32 19.66 15.98 30.71 24.54 23.9 24.35 18.96 23.61 14.99 13.52 20.35 7.01 28.72 11.23 14.78 13.38 33.46 23.76 7.67 11 13.52 15.97 19.88 25.31 11.01 15.49 17.83 19.34 12.2 15.85 19.69 18.4 16.46 23.89 16.71 31.46 28.36 23.57 15.55 24.85 23.84 28.96 14.37 31.42 27.06 0 8.39 21.89 16.94 17.6 9.64 7.78 4.82 21.63 22.09 3.19 16.63 12.57 11.7 26.58 15.79 24.13 26.09 14.94 7.53 14.75 4.85 22.95 28.3 
8.86 24.02 16.48 7.34 12.61 9.4 21.66 7.78 27.72 20.37 24.86 24.93 10.6 15.8 15.66 12.5 20.68 3.61 21.84 3 9.22 16.62 28.3 16.5 7.98 3.39 12.07 15.17 11.5 26.9 11.32 16.93 14.62 12.45 15.65 10.1 12.36 10.02 8.16 15.72 8.38 25.15 21.3 16.12 7.38 26.12 20.07 23.67 11.21 27.36 19.82 8.39 0 14.02 14.24 15.59 5.32 14.77 5.69 22.75 18.96 11.51 16.87 4.21 13.18 22.88 7.98 25.35 18.88 18.19 1.63 8.97 13.21 24.13 27.53 
6.16 14.54 24.11 18.03 3.42 14.82 25.67 6.4 21.95 14.26 26.5 25.97 7.5 1.8 20.02 16.45 22.53 15.01 9.11 12.19 9.2 23.77 18.2 3.89 17.13 10.92 15.77 17.75 6.95 29.06 17.79 21.75 13.56 4.66 23.36 8.46 3.22 5.9 6.36 2.96 8.73 13.18 8.22 2.99 6.73 27.98 14.93 14.11 13.08 19.59 6.55 21.89 14.02 0 14.37 16.03 13.02 26.24 17.63 25.19 15.6 24.7 20.08 10.05 19.81 16.91 6.11 27.29 5.79 24.85 15.48 8.91 26.39 26.28 25.75 
15.2 13.19 11.46 11.08 10.96 5.66 11.33 13.55 13.88 7.88 12.4 12.06 18.18 15.11 6.26 3.97 8.24 11.6 15.69 15.45 6.5 10.85 17.13 13.11 9.28 11.86 3.65 3.61 18.42 14.89 6.69 7.89 1.23 9.71 10.94 6.54 11.19 16.26 14.38 17.33 17.37 16.79 15.92 13.66 13.29 13.86 6.98 13.01 3.03 14.52 15.41 16.94 14.24 14.37 0 1.73 8.99 16.7 12.39 10.88 5.14 18.21 5.84 13.96 7.7 9.65 11.8 13.13 14.61 11.46 15.63 6.93 19.48 12.04 13.48 
16.92 13.56 10.71 11.74 12.61 6.56 9.78 15.27 13.11 8.03 10.68 10.33 19.9 16.7 5.26 4.12 6.53 12.74 16.8 16.96 8.2 10.03 17.28 14.59 9.94 13.38 4.08 2.57 20.14 13.17 6.84 6.75 2.51 11.37 10.29 8.27 12.86 17.99 16.09 18.98 19.06 17.54 17.11 15.18 15 12.13 6.94 13.43 4.47 14.23 16.71 17.6 15.59 16.03 1.73 0 10.28 16.57 13.23 9.18 4.78 18.59 4.48 15.56 7.38 9.35 13.52 11.41 15.96 10.43 16.91 8.63 19.75 10.33 11.97 
9.98 19.89 12.57 5.01 10.48 4.18 16.81 8.3 22.68 15.65 19.7 19.71 12.66 14.59 10.66 7.27 15.47 2.88 19.11 7.14 5.15 12.51 24.16 14.31 4.32 3.92 6.8 9.91 13.31 21.83 6.6 12.09 9.47 9.82 11.73 6.22 10.39 11.29 9.06 15.47 10.96 21.83 18.8 14.24 7.87 21.01 15.18 19.57 5.96 22.67 17.56 9.64 5.32 13.02 8.99 10.28 0 13.25 4.89 17.65 13.87 12.01 11.72 6.48 8.67 18 7.32 20.24 16.6 13.96 6.65 5.12 13.64 19.01 22.2 
22.82 29.89 7.53 8.28 23.49 12.26 14.56 21.28 29.02 24.52 19.24 19.97 25.11 27.75 12.08 12.73 16.67 11.88 31.29 17.77 17.54 8.31 33.8 27.11 9.15 16.27 13.11 14.2 25.92 20.01 10.06 11.69 17.87 22.64 7.31 18.56 23.45 24.11 21.94 28.72 23.02 33.18 31.19 27.19 20.83 19.83 23.49 29.7 15.2 30.73 30.19 7.78 14.77 26.24 16.7 16.57 13.25 0 9.24 17.05 21.34 5.42 13.71 18.48 9.21 25.89 20.53 19.23 29.25 9.45 14.48 17.71 5.12 18.2 24.76 
13.64 24.43 11.15 1.97 15.3 6.73 17.07 12.17 26.25 19.82 20.83 21.1 15.87 19.27 11.56 9.32 16.92 2.69 24 8.64 9.99 11.41 28.66 19.17 3.46 7.1 9.17 11.95 16.69 22.58 7.19 12.48 13.19 14.7 10.34 11.07 15.18 14.92 12.79 19.87 13.79 26.65 23.69 19.06 11.73 21.95 19.17 24.14 9.66 26.75 22.44 4.82 5.69 17.63 12.39 13.23 4.89 9.24 0 18.6 17.52 7.14 13.06 9.24 8.54 21.94 11.64 21.2 21.47 13.02 5.83 9.99 8.8 19.97 24.52 
25.84 19.58 9.53 16.67 21.78 13.48 2.75 24.13 14.42 14.36 2.28 2.92 28.82 25.78 7.12 10.42 2.67 19.3 24.79 24.78 17.11 8.77 22.12 23.49 15.23 21.37 10.99 8.02 29.14 4.19 11.54 6.17 11.63 20.54 9.87 17.34 22.03 26.97 24.97 28.14 27.76 24.45 25.32 24.17 23.81 3.38 13.05 19.62 12.99 17.62 25.23 21.63 22.75 25.19 10.88 9.18 17.65 17.05 18.6 0 11.02 21.23 5.94 23.8 10.09 13.87 22.45 2.61 24.58 7.65 23.72 17.54 21.75 1.38 8.08 
18.19 9.14 15.2 16.21 12.46 10.8 12.61 16.75 8.82 3.57 11.65 10.88 21.03 15.76 9.7 8.82 8.54 16.6 13.78 19.76 10.23 14.46 12.61 13.11 14.42 16.23 8.66 7.19 21.04 14.22 11.58 10.9 4.41 11.28 14.87 9.78 12.8 19.03 17.5 18.42 20.7 13.63 14.34 13.92 16.6 13.08 2.3 9.08 7.97 9.47 14.38 22.09 18.96 15.6 5.14 4.78 13.87 21.34 17.52 11.02 0 23.27 8.47 18 12.14 4.58 14.97 12.51 13.82 14.59 20.44 10.61 24.48 11.74 10.19 
20.26 31 11.91 7.45 22.45 12.82 19 18.96 31.62 26.02 23.5 24.08 22.11 26.37 15.16 14.47 20.34 9.68 31.08 14.39 17.04 12.57 35.14 26.31 9.1 13.92 14.61 16.63 23.01 24.62 11.75 15.31 19.22 21.83 11.42 18.11 22.32 21.47 19.48 26.82 19.86 33.58 30.8 26.2 18.52 24.29 25.19 30.74 15.95 32.72 29.57 3.19 11.51 24.7 18.21 18.59 12.01 5.42 7.14 21.23 23.27 0 16.85 15.64 11.88 27.84 18.64 23.62 28.61 14 10.72 17.07 1.71 22.49 28.44 
20.1 17.6 6.85 11.2 16.67 7.54 5.63 18.37 15.33 12.01 7.99 8.11 23.08 20.91 1.69 4.49 3.87 13.49 21.27 18.85 11.47 6.07 21.02 18.96 9.61 15.43 5.07 2.34 23.45 10.12 5.87 2.43 6.92 15.44 6.66 11.85 16.86 21.28 19.21 23.03 21.91 21.86 21.59 19.49 18.04 9.28 10.77 17.52 7.29 17.36 21.18 16.63 16.87 20.08 5.84 4.48 11.72 13.71 13.06 5.94 8.47 16.85 0 17.88 4.98 12.7 16.74 8.51 20.41 6.13 17.9 11.88 17.7 7.29 11.67 
4.65 21.55 18.98 10.46 9.2 10.44 23.17 3.67 26.44 18.69 25.74 25.62 6.63 11.85 16.98 13.39 21.45 6.63 18.4 2.24 7.77 18.96 25.76 12.93 10.48 2.56 12.82 15.84 7.46 27.99 13.07 18.49 13.98 9.35 18.14 8.3 8.89 5.83 3.96 11.55 4.62 21.99 17.74 12.42 3.32 27.1 18.65 21.17 11.11 25.48 16.18 12.57 4.21 10.05 13.96 15.56 6.48 18.48 9.24 23.8 18 15.64 17.88 0 15.15 21.37 4.35 26.34 15.27 20.43 5.5 7.39 17.35 25.13 27.43 
18.31 20.84 4.3 6.59 16.58 5.12 8.56 16.56 19.95 15.38 12.34 12.7 21.15 21 3.3 3.85 8.65 9.59 23.07 15.62 10.61 4 24.65 19.66 5.29 12.59 4.41 5 21.71 14.04 2.14 3.94 8.91 15.49 3.57 11.38 16.67 19.59 17.38 22.64 19.59 24.46 23.16 19.98 16.16 13.42 14.31 20.67 7.02 21.52 22.41 11.7 13.18 19.81 7.7 7.38 8.67 9.21 8.54 10.09 12.14 11.88 4.98 15.15 0 16.68 15.21 12.67 21.53 5.33 13.93 10.93 12.8 11.45 16.64 
20.72 5.83 19.53 20.72 14.29 15.26 15.97 19.52 5.17 2.76 13.81 12.82 23.35 16.57 14.08 13.4 11.82 20.82 12.41 23.31 13.78 18.77 8.41 13.63 18.93 19.91 13.23 11.7 23.18 16.18 16.16 15.12 8.75 13.31 19.27 13.09 14.67 21.35 20.18 19.41 23.42 10.92 13.25 14.58 19.45 15.06 2.82 5.95 12.29 4.89 13.83 26.58 22.88 16.91 9.65 9.35 18 25.89 21.94 13.87 4.58 27.84 12.7 21.37 16.68 0 17.8 14.67 13.55 18.72 24.42 14.1 29.06 14.22 10.04 
3.4 17.41 19.41 12.25 4.85 10.1 22.32 1.79 22.96 15.06 24.15 23.85 6.39 7.86 16.23 12.49 19.9 8.98 14.06 6.59 5.34 19.2 21.56 8.61 11.62 4.81 11.82 14.47 6.71 26.57 13.08 17.9 11.47 5.08 18.6 5.33 4.54 4.54 2.58 8.24 5.73 17.65 13.43 8.16 1.65 25.58 15.22 17.01 9.47 21.62 11.9 15.79 7.98 6.11 11.8 13.52 7.32 20.53 11.64 22.45 14.97 18.64 16.74 4.35 15.21 17.8 0 24.84 10.97 20.5 9.5 4.91 20.33 23.7 24.9 
28.24 20.48 11.77 19.26 23.91 16.06 4.67 26.54 14.28 15.6 0.86 1.9 31.23 27.78 9.73 12.99 4.94 21.91 26.23 27.36 19.5 11.06 22.6 25.37 17.84 23.92 13.53 10.51 31.51 1.77 14.15 8.74 13.77 22.67 12.21 19.66 24.18 29.35 27.38 30.23 30.23 25.51 26.84 26.09 26.24 0.77 14.32 20.58 15.43 17.87 26.88 24.13 25.35 27.29 13.13 11.41 20.24 19.23 21.2 2.61 12.51 23.62 8.51 26.34 12.67 14.67 24.84 0 26.29 9.77 26.33 19.93 24.05 1.23 7.02 
11.87 9.71 25.71 21.42 6.3 17.08 25.66 11.79 18.11 11.33 25.44 24.71 13.25 4.33 20.83 17.77 21.96 19.08 3.32 17.49 11.73 25.21 12.85 2.37 20.16 15.55 17.14 18.22 12.62 28.02 19.78 22.5 13.5 6.77 25.06 10.7 6.52 11.69 11.93 6.9 14.5 7.45 2.49 2.9 12.04 26.89 12.38 9.3 14.52 15.08 0.97 26.09 18.88 5.79 14.61 15.96 16.6 29.25 21.47 24.58 13.82 28.61 20.41 15.27 21.53 13.55 10.97 26.29 0 26 20.44 11.62 30.24 25.45 23.32 
23.63 23.73 2.1 11.08 21.54 10.4 5.1 21.89 20.8 18.14 9.8 10.56 26.48 25.93 5.21 8.41 7.74 14.58 27.14 20.78 15.72 1.62 27.09 24.32 10.22 17.88 9.09 7.91 27.03 10.64 7.46 3.71 12.65 20.38 2.76 16.39 21.66 24.91 22.7 27.74 24.91 27.94 27.38 24.74 21.49 10.39 16.89 23.64 11.8 23.25 26.82 14.94 18.19 24.85 11.46 10.43 13.96 9.45 13.02 7.65 14.59 14 6.13 20.43 5.33 18.72 20.5 9.77 26 0 18.75 16.07 14.31 8.75 15.57 
10.08 25.64 16.94 7.7 14.19 10.56 22.48 9.16 29.22 21.93 25.88 26 11.51 17.27 16.6 13.63 21.75 4.42 23.44 3.76 10.81 17.15 29.92 18.07 8.65 5.01 13.25 16.33 12.46 27.83 12.2 17.78 16.06 14.06 16.12 11.71 13.94 11.16 9.45 17.04 9.22 26.77 22.87 17.67 8.78 27.1 21.6 25.29 12.6 28.94 21.38 7.53 1.63 15.48 15.63 16.91 6.65 14.48 5.83 23.72 20.44 10.72 17.9 5.5 13.93 24.42 9.5 26.33 20.44 18.75 0 10.58 12.38 25.1 28.79 
8.31 15.1 15.22 9.8 5.83 5.91 17.49 6.64 19.11 11.49 19.23 18.95 11.3 10.21 11.5 7.79 14.99 7.87 14.02 9.23 0.43 14.91 19.38 9.42 8.57 5.83 7.1 9.59 11.61 21.66 8.89 13.2 6.71 4.93 14.46 1.15 5.85 9.44 7.47 11.71 10.45 16.74 13.74 9.49 6.37 20.67 11.33 14.76 4.6 18.44 12.58 14.75 8.97 8.91 6.93 8.63 5.12 17.71 9.99 17.54 10.61 17.07 11.88 7.39 10.93 14.1 4.91 19.93 11.62 16.07 10.58 0 18.67 18.79 20.22 
21.97 32.4 12.28 8.96 24.1 14.21 19.39 20.67 32.7 27.33 23.99 24.63 23.8 28.05 16.02 15.66 21.04 11.37 32.67 16.07 18.62 12.99 36.51 27.96 10.53 15.62 15.85 17.68 24.71 24.95 12.91 15.99 20.53 23.47 11.88 19.7 23.98 23.18 21.19 28.52 21.55 35.1 32.41 27.86 20.23 24.69 26.46 32.15 17.35 33.95 31.21 4.85 13.21 26.39 19.48 19.75 13.64 5.12 8.8 21.75 24.48 1.71 17.7 17.35 12.8 29.06 20.33 24.05 30.24 14.31 12.38 18.67 0 22.96 29.17 
27.09 20 10.7 18.04 22.89 14.84 3.67 25.39 14.28 14.96 1.06 2.04 30.08 26.82 8.5 11.77 3.81 20.68 25.51 26.14 18.36 9.97 22.32 24.46 16.61 22.71 12.32 9.32 30.38 2.88 12.92 7.53 12.73 21.64 11.1 18.55 23.15 28.22 26.23 29.23 29.05 24.96 26.09 25.16 25.09 2 13.66 20.08 14.27 17.69 26.07 22.95 24.13 26.28 12.04 10.33 19.01 18.2 19.97 1.38 11.74 22.49 7.29 25.13 11.45 14.22 23.7 1.23 25.45 8.75 25.1 18.79 22.96 0 7.41 
28.21 15.61 17.27 22.76 22.64 18.26 10.84 26.69 7.84 11.99 6.45 5.37 31.11 25.79 13.33 15.29 8.13 24.5 22.43 28.92 19.8 16.47 16.78 23 21.07 25.34 15.58 12.6 31.17 7.8 17.4 13.18 13.51 21.46 17.46 19.58 22.98 29.12 27.47 28.52 30.6 20.76 23.25 23.88 26.48 6.96 11 15.82 16.44 11.82 23.7 28.3 27.53 25.75 13.48 11.97 22.2 24.76 24.52 8.08 10.19 28.44 11.67 27.43 16.64 10.04 24.9 7.02 23.32 15.57 28.79 20.22 29.17 7.41 0 
27.77 17.65 17.45 8.74 13.17 34.25 1.77 31.45 20.5 39.14 33.99 2.41 8.37 27.57 12.5 24.57 8.58 20.89 7.07 12.94 32.93 18.98 5.61 20.3 5.64 21.37 19.32 4.83 22.68 18.28 10.94 11.03 5.78 25.19 4.99 6.55 1.43 1.13 4.26 2.96 27.03 11.55 5.39 1.37 28.81 13.24 25.21 8.16 19.85 8.05 25.4 9.89 5.62 11.56 20.25 6.12 17.38 9.92 36.69 9.47 17.47 10.39 2.55 11.25 29 1.87 33.53 8.28 24.73 8.97 8.29 30.1 24.13 16.44 16.73 21.72 19.16 20.12 24.56 25.48 9.1 5.34 12.25 9.53 13.77 18.36 22.07 23.75 14.28 24.08 8.23 34.74 15.09 32.35 2.25 13.82 26.58 24.44 20.69 17.33 17.91 25.43 28.65 29.92 7.32 13.85 20 7.83 8.4 29.65 12.93 10.88 12.37 4.28 8.48 8.07 16.32 12.93 7.04 0.57 20.07 5.54 6.47 41 13.41 12.87 14.18 20.07 12.51 23.95 34.34 28.14 8.59 41 12.36 27.26 23.15 7.53 15.11 19.63 10.1 30.79 19.93 8.08 34.96 25.19 8.12 10.89 27.83 10.61 5.41 10.58 23.93 13.81 14.46 12.24 34.16 18.46 7.36 11.12 5.19 8.49 24.51 10.71 19.91 0.98 28.77 24.44 12.33 24.01 9.44 8.24 21.01 18.7 5.42 6.44 9.78 14.5 0.56 15.72 26.69 22.42 19 14.66 32.27 23.4 36.58 32.98 15.35 13.55 16.54 18.41 16.07 36.24 37.9 9.2 8.26 26.19 13.75 6.46 14.2 3.77 15.14 10.71 8.45 17.14 5.33 24.94 5.55 24.34 26.46 8.09 36.25 1.29 23.83 7.72 12.05 15.09 18.61 18.24 3.37 9.8 13.5 19.41 21.45 10.57 22.46 11.66 27.76 7.7 11.23 20.25 4.77 18.46 9.82 11.6 12.98 31.46 18.03 1.16 6.53 9.91 10.98 22.39 20.06 6.39 8.84 11.85 17.69 9.27 10.88 9.19 20.47 8.04 25.37 17.6 29.44 13.86 15.89 9.29 11.21 11.41 13.25 9.33 32.6 26.01 4.34 4.55 15.51 10.91 14.34 6.96 8.14 1.71 12.21 20.08 5.15 13.89 12.47 7.09 17.29 12.52 23.29 27.01 6.88 4.5 6.82 10.16 23.26 18.93 7.06 14.53 5.5 27.33 9.13 26.97 29.65 9.32 4.45 21.74 14.81 17.68 12.95 9.32 11.29 8.87 16.29 11.13 3.11 11.66 9.02 16.87 16.64 7.04 32.11 19.29 17.9 8.38 1.29 28.11 5.46 0.41 8.51 4.56 6.02 13.56 11.33 12.34 3.29 7.62 14.5 7.83 9.75 13.5 20.78 10.63 29.45 13.58 4.12 11.36 12.66 15.38 28.09 14.05 21.23 6.58 27.04 23.75 11.03 16.41 19.95 5.64 31.67 9.01 16.94 9.5 3.74 35.68 25.43 26.89 12.87 13.25 15.78 7.34 14.24 20.21 18.35 19.65 4.18 3.72 15.95 8.78 10.58 14.27 7.71 12.31 12.67 12.82 2.4 5.77 1.75 7.28 23.48 20.3 1.59 6.25 7.09 8.79 12.72 5.85 14.42 18.96 15.52 11.58 21.85 29.8 21.69 16.73 8.31 20.89 14.03 14.85 4.27 25.83 21.2 8.49 14.06 10.95 4.13 5.78 2.68 10.74 7.93 17.77 13.12 7.3 4.36 13.67 6.63 14.3 14.54 23.63 25.57 11.57 6.96 6.6 13.45 16.91 10.3 16.99 23.87 15.92 5.17 8.13 42.9 18.6 6.78 9.78 4.55 12.19 19.73 29.6 13.13 6.57 27.76 32.76 19.98 23.43 9.37 6.18 32.04 7.29 10.32 2.44 8.31 30.41 5.71 24.44 22.67 30.15 19.32 16.35 27.04 37.35 32.56 26.77 18.27 6.28 15.36 11.59 15.08 24.83 37.69 20.38 23.79 21 15.72 10 20.67 15.39 23.53 3.91 8.95 12.5 6.38 19.29 8.79 10.3 12.99 4.07 25.61 6.46 20.16 10.68 17.19 3.72 7.32 29.07 10.66 19.57 31.62 6.84 10.12 18.31 14.7 19.43 11.4 21.17 7.38 3.76 24.86 24.16 13.88 12.44 4.12 17.6 21.38 3.77 36.96 7.88 13.34 18.6 4.81 19.32 3.68 7.17 2.98 0.6 8.87 3.02 19.3 13.45 12.6 0.58 35.36 19.13 25.83 10.52 26.8 18.42 10.45 4.32 3.33 18.02 16.09 5.95 12.91 12.6 13.31 17.04 14.75 27.33 4.07 22.63 10.59 2.04 19.76 17.14 14.53 9.14 4.74 27.41 35.53 20.49 6.4 14.9 10.74 31.98 16.65 13.42 9 14.42 22.36 20.89 22.44 11.36 12.14 12.34 14.65 25.26 32.09 17.14 18.01 37.03 21.39 12.49 21.8 15.45 21.84 13.6 14.73 16.26 30.02 21.72 16.97 21.68 15.77 25.16 18.56 27.1 13.96 4.37 12.8 16.56 3.33 24.99 35.7 30.24 20.45 15.99 7.39 28.87 15.11 38.79 11.97 11.85 17.9 8.55 30.61 19.14 4.83 15.88 11.61 11.71 11.19 24.86 26.16 30.72 9.1 10.89 15.72 9.05 26.1 12.19 17.23 15.11 9.42 18.99 13.54 30.98 6.15 15.15 5.76 9.36 12.24 13.27 16.48 15.15 24.21 17.67 16.16 13.19 4.11 11.62 10.1 15.05 7.12 24.23 23.71 14.09 21.35 14.94 13.89 10.44 24.47 13.47 1.81 3.41 6.82 6.47 14.5 25.59 27.32 9.68 9.14 4.6 13.6 16.38 24.97 13.14 4.58 36.37 17.07 17.39 19.92 2.15 21.28 10.33 16.71 12.81 24.6 16.95 15.15 11.51 10.98 1.5 25.96 29.2 10.58 14.45 3.51 26.6 17.99 38.47 13.58 15.39 19.14 18.36 25.2 34.82 13.98 6.2 43.26 1.41 12.56 11.91 7.94 25.32 15.53 24.19 19.61 30.23 15.95 40.63 27.47 20.31 30.41 28.39 31.11 1.07 9.23 10.96 15.92 11.29 21.32 21.23 15.15 33.14 12.08 12.17 28.09 20.03 23.88 2.07 6.86 19.72 7.29 32.32 8.08 16.12 13.08 0.64 21.7 8.27 31.98 11.1 33.25 0.74 9.62 25.54 22.52 13.22 7.31 4.05 17.4 33.55 32.16 20.67 16.56 20.22 27.29 18.1 30.05 8.08 12.02 18.02 4.67 15.97 10.95 10.87 22.02 15.84 20.06 23.74 33.56 28.21 28.44 17.38 15.48 23.75 21.88 14.64 1.25 14.87 17.13 14.55 13.65 26.34 24.08 33.19 27.65 9.9 6.02 23.17 20.33 22.15 1.66 11.1 19.49 6.78 30.95 14.45 10.78 31.25 2.43 14.98 10.56 31.7 24.44 35.71 1.96 3.34 7.81 20.5 11.34 19.25 16.39 14.05 4.48 10.15 20.54 31.95 10.98 8.92 8.88 15.75 22.65 0.62 30.97 19.6 34.43 13.82 6.53 35.98 8.05 7.04 2.05 5.48 6.91 3 22.75 10.55 10.86 6.51 46.3 19.57 17.12 18.31 16.77 16.04 15.74 5.49 6.18 19.54 20.61 16.99 14.17 14.03 42.5 24.13 13.27 22.15 8.45 28.33 20.7 4.99 21.31 8.77 18.46 10.83 14.07 18.64 25.92 40.3 23.2 17.52 26.16 20.53 10.89 15.02 6.95 26.32 16.44 3.53 11.93 6.7 11.65 18.72 8.32 44.06 12.57 21.2 18.57 3.58 21.81 13.39 3.22 10.91 11.56 3.74 12.33 13.31 3.37 1.37 4.46 23.72 13.38 17.35 13.14 16.8 6.4 14.27 22.32 2.19 12.56 9.05 20.47 22.79 16.39 19.78 23.61 38.7 13.03 9.33 27.81 23.67 10.3 36.24 2.28 35.95 17.39 6.89 24.69 39.01 23.61 5.57 2.86 16.06 14.28 22.86 15.03 2.41 14.78 26.27 11.78 11.28 3.47 2.1 17.09 7.48 4.09 2.35 5.6 16.82 4.36 11.8 23.66 23.72 20.18 21.7 22.77 22.55 23.22 23.54 11.45 9.17 13.63 22.26 5.79 23.91 23.42 22.03 22.09 23.13 8.42 7.78 8.96 16.87 7.94 4.03 7.79 19.33 1.41 17.83 3.17 15.91 20.97 13.84 17.02 5.88 20.71 7.86 11.31 9.85 8.57 6.57 8.37 16.35 19.27 9.58 6.5 15.15 22.74 5.49 6.71 0.99 1.7 10.74 17.01 3.36 4.78 5.64 14.5 9.95 7.97 7.44 13.98 12.91 28.18 23.03 27.12 23.66 21.97 19.01 17.07 14.06 23.74 3.13 9.26 25.13 16.05 9.72 9.89 4.71 5.78 8.8 12.33 13.31 13.52 6.45 21.58 4.02 16.4 4.02 14.78 14.21 17.18 20.33 4.47 14.64 10.2 7.91 13.62 11.69 24.5 31.83 22.6 18.94 11.96 30.22 17.66 11.21 16.13 9.94 8.24 18.67 8.34 13.44 4.99 6.51 11.61 5.71 20.55 11.21 26.15 13.39 28.41 33.32 27.2 12.35 16.94 21.91 7.58 13.82 19.23 6.19 15.88 15.29 16.54 11.88 29.39 7.81 5.31 19.52 16.37 23.45 3.77 6.74 14.12 3.83 14.64 12.23 17.42 26.18 4.66 20.14 9.85 31.14 20.7 23.43 2.42 8.14 17.14 3.19 4.01 19.38 38.45 17.39 4.95 6.6 8.88 12.16 16.3 28.37 6.15 14.76 9.29 12.3 10.73 13.25 12.2 13.44 5.65 18.6 11.91 36.12 15.21 17.6 10.7 16.59 9.65 27.8 8.26 32.26 24.65 5.44 4.69 21 10.01 12.06 3.94 9.03 3.68 19.82 9.82 6.95 8.86 8.72 8.16 20.25 7.59 27.99 14.93 18.37 2.78 6.42 13.68 24.51 18.95 13.69 9.28 31.25 7.13 4.98 24.74 10.63 24.42 11.94 11.18 23.12 14.83 15.36 10.74 7.91 33.43 6.58 6.67 21 12.22 13.67 25.22 3.39 0.8 7.62 21.09 14.28 16.74 8.64 19.28 14.05 1.87 25.05 22.98 8.68 8.66 13.89 9.6 21.24 17.37 32.55 16.36 33.73 14.08 18.32 18.24 7.38 20.94 22.47 3.61 18.68 26.14 16.99 36.65 38.04 33.06 8.2 28.8 41.21 13.48 14.14 2.92 17.93 9.52 11.64 35.17 10.06 22.71 18.97 12.27 15.01 6.87 7 5.46 5.77 14.01 7.19 13.56 28.01 20.17 5.35 24.26 10.59 22.74 16.5 31.28 9.61 6.1 3.54 16.42 17.62 10.14 5.69 24.23 12.29 23.12 23.96 21.58 13.47 2.78 12.28 27.89 4.88 23.23 14.74 17.04 3.03 5.37 23.16 15.4 32.73 10.94 24.33 5.97 11.06 7.76 4.4 10.31 10.76 18.66 6.26 8.52 6.85 2.75 9.59 0.68 3.62 8.73 9.04 9.18 6.14 14.39 10.35 8 4.67 29.43 8.04 20.79 5.79 9.96 9.13 13.59 10.6 8.52 4.09 12.11 5.2 24.13 6.75 21.39 11.26 15.81 6.03 5.27 14.55 16.83 3.01 17.74 16.72 15.58 13.9 0.58 27.36 12.51 16.21 36.99 32.85 10.25 9.33 8.34 7.56 17.95 11.88 6.68 4.9 8.81 28.32 1.21 15.96 24.47 31.74 25.25 30.23 14.96 30.24 29.77 13.1 13.2 6.38 16.54 24.3 14.3 30.1 29.57 14.87 13.84 28.71 7.96 11.33 15.45 9.4 6.93 4.42 18.72 7.26 6.97 19.51 5.93 12.5 26.33 14.81 27.4 1.83 18.64 22.26 18.9 14.65 19.84 9.73 35.21 30.17 24.03 20.75 36.52 31.02 34.55 15.73 15.23 10.36 36.88 11.22 22.61 16.53 14.97 22.93 28.91 8.12 6.97 17.2 23.21 14.71 11.6 6.17 18.39 4.93 7.87 39.07 37.58 21.23 11.57 22.75 31.87 21.6 34.63 12.81 18.3 33.86 24.33 21.39 28.88 10.89 23.91 24.91 7.61 27.95 33.08 15.36 49.54 13.15 9.63 17.88 8.23 19.8 22.94 10.34 32.19 24.81 20.39 7.89 3.16 28.19 6.47 2.15 10.32 13.85 8.36 15.49 8.4 6.94 0.6 7.51 29.34 11.03 14.92 16.89 12.6 4.73 35.23 11.61 3.28 15.54 7.67 21.38 31.4 19.43 17.31 8.32 17.26 24.51 10.21 18.56 7.2 9.8 29.79 1.99 14.76 12.02 5.86 32.77 20.79 31.8 5.26 6.89 8.14 12.54 24.68 2.09 10.13 6.49 10.12 5.43 7.7 20.85 8.18 13.34 18.34 10.69 32.29 29.01 13.57 14.11 23.06 8.66 27.07 6.61 27.57 28.3 11.1 7.46 18.27 9.03 8.88 4.03 6.06 4.24 19.67 20.06 9.26 4.94 12.83 5.04 26.21 12.69 18.29 25.12 11.37 11.9 6.55 8.19 11.7 29.56 14.12 12.82 9.64 36.24 8.59 19.41 17.31 5.2 9.31 9.16 5.03 6.03 6.23 9.63 10.45 13.05 22.74 14.97 2.68 35.76 23.1 23.35 12.18 16.57 12.22 9.75 4.51 10.86 11.62 15 3.98 13.89 6.12 24.29 19.7 15.16 10.41 2.36 15.65 11.91 2.73 34.1 21.54 21.07 5.17 5.65 22.43 33.69 13.13 2.33 25.47 16.77 3.6 9.11 5.6 8.81 5.69 8.91 9 11.86 19.93 21.25 14.34 21.98 21.46 10.58 7.4 7.75 8.19 9.99 3.52 17.57 24.63 17.89 16.2 20.85 2.81 5.12 9.62 7.3 10.82 14.91 11.49 10.63 4.59 9.84 3.46 15.76 14.41 7.83 22.53 8.51 17.88 5.19 20.79 12.88 9.24 21.79 14.89 6.32 2.38 6.13 10.95 5.77 4.84 8.8 13.64 13.89 18.29 14.89 15.26 19.52 15.26 11.05 9.57 10 19.67 6.24 11.22 23.24 15.99 12.22 11.81 5.41 1.66 12.86 14.25 13.74 8.76 8.35 13.99 2.97 15.38 2.51 6.79 21.46 10.48 24.8 10.31 12.84 13.87 19.72 12.33 18.88 25.72 19.36 21.08 24.22 13.38 17.51 9.9 5.78 2.88 5.36 5.12 2.56 12.39 11.08 10.22 7.41 33.08 11.2 12.43 16.71 38.63 16.85 15.19 14.23 9.35 21.7 28.02 11.24 26.68 24.88 42.55 25.9 33.94 22.04 5.73 28.99 22.27 9.47 22.93 10.97 25.69 8.86 14.96 15.92 32.86 45.52 15.49 10.46 19.88 27.29 15.09 11.86 25.77 34.68 32.41 18.09 17.98 30.95 22.01 31 19.72 0.6 16.36 19.45 19.3 14.64 42.84 32.02 33.93 33.44 19.95 7.89 24.83 11.3 25.8 6.15 19.37 33.38 10.06 32.97 17.36 22.08 17.39 2.35 27.83 11.35 23.87 11.35 28.93 2.43 5.73 6.79 8.19 18.73 7.63 5.89 19.99 20.54 22.28 18.15 16.57 27.68 24.72 21.27 9.06 9.5 12.43 22 6.81 17.43 13.26 13.19 8.87 22.11 5.34 9.22 9.34 6.52 5.21 7.73 13.25 16.12 6.3 16.43 2.41 11.29 17.58 16.29 26.04 10.35 7.01 12.71 15.73 17.05 19.7 12.72 12.62 5.6 8.56 17.89 26.05 15.75 25.58 23.32 31.62 28.92 15.75 21.14 6.71 11.69 18.83 9.21 20.28 30.55 16.67 14.73 11.16 4.98 8.83 7.72 7.3 13.88 7.74 7.11 11.78 1.94 14.22 2.34 17.6 23.04 7.58 19.71 3.07 10.75 10.33 17.46 5.15 16.4 10.13 7.36 5.02 13.58 19.71 17.57 13.51 12.86 8.35 17.25 16.26 10.78 16.1 4.61 16.82 2 19.26 11.34 14.23 20.64 14.08 0.68 3 9.86 11.32 16.09 6.93 5.33 18.91 9.21 18.27 7.06 10.19 15.25 16.39 12.51 10.78 20.85 6.89 26.25 9.47 10.48 19.2 5.99 1.7 5.82 9.47 11.04 15.15 7.65 9.05 6.53 9.34 13.52 6.41 16.31 12.72 14.53 10 19.21 15.48 5.46 10.28 9.36 14.61 28.94 11.4 26.33 16.9 16.58 10.25 9.19 23.07 10.73 3.85 25.38 7.84 24.11 7.32 4.87 31.77 28.44 12.44 9.4 17.94 34.06 12.29 15.6 32.85 32.86 33.04 20.13 12.93 7.04 22.67 18.95 13.42 22.63 26.43 17.01 22.06 16.15 13.54 14.93 12.49 6.43 11.45 10.02 8.99 15.2 3.94 16.17 5.21 13.1 22.82 15.69 23.13 1.61 15.87 8.28 12.82 11.6 21.99 6.33 8.28 7.02 11.19 7.53 18.4 16.83 7.57 5.44 26.82 6.73 10.32 3.59 21.89 13.02 17.87 7.85 11.05 5.55 5.71 8.53 13.2 10.42 19.79 11.49 9.15 7.93 8.41 7.2 18.5 4.34 13.24 9.81 14.85 13.2 1.64 18.47 25.56 17.68 5.22 9.07 8.91 6.35 9.66 4.74 5.31 6.64 34.61 6.91 7.94 9.07 26.04 8.53 10.36 10.42 3.28 6.39 14.3 10.98 33.82 9.33 21.85 17.46 29.12 23.91 12.75 11.6 7.94 2.39 12.96 4.47 14.62 14.32 3.06 33 27.32 18.79 2.64 6.6 2.77 19.12 19.6 10.79 3.48 42.57 15.53 12.29 14.85 30.9 8.99 10.12 5.31 5.04 13.92 19.1 16.65 14.44 8.02 14.17 13.42 19.58 17.4 6.77 20.11 30.34 3.56 22.2 7.02 30.42 10.97 14.16 33.3 35.81 28.38 7.1 3.24 17.2 14.5 9.43 1.17 41.94 14.38 27.58 12.41 28.4 6.99 12.79 8.21 5.47 11.8 16.85 7.3 23.19 11.38 33.08 13.53 23.36 18.28 5.51 17.52 16.7 1.47 15.9 10.3 22.75 11.62 5.57 11.83 21.53 27.59 12.01 13.01 9.55 6.64 4.86 37.73 17 17.7 14.06 26.49 8.11 33.12 18.77 3.64 24.69 17.42 10.38 39.11 27.55 35.37 24.58 24.42 28.23 14.26 20.85 15.97 11.16 15.33 5.76 36.54 14.99 14.39 35.21 18.22 35.56 18.69 20.91 9.82 4.16 33.24 25.85 20.77 10.77 22.66 21.33 14.32 8.19 4.96 20.73 14.11 5.57 32.86 15.8 36.62 10.41 15.21 13.99 6.4 19.12 15.46 5.06 42.69 18.75 14.84 9.21 13.41 17.56 36.73 37.27 6.15 6.8 28.23 31.63 17.05 3.15 23.05 5.83 7.41 37.1 25.3 18.27 22.76 10.36 15.11 29.21 19.8 30.5 19.82 45.46 24.63 22.36 25.5 11.72 26.09 19.73 3.88 38.25 15.82 17.45 37.47 21.02 19.6 4.15 13.03 19.08 8.71 10.01 21.36 16.7 1.3 28.13 19.12 10.22 18.39 19.82 14.65 34.16 28.24 13.85 15.64 36.49 24.1 20.01 11.75 14.37 8.73 14.33 2.29 16.09 17.01 9.7 40.36 23.8 33.5 6.07 35.74 13.37 9.74 18.11 17.71 4.36 31.33 14.17 4.22 17.21 8.89 17.61 24.93 16.14 28.43 13.77 25.35 14.64 11.52 29.15 20.54 8.98 14.67 3.73 29.99 24.73 13.66 30.11 32.1 17.55 38.19 19.88 25 12 19.31 7.07 16.84 6.62 4.25 10.67 18.12 11.24 12.4 15.85 19.87 11.49 13.06 11.95 2.91 18.95 12.29 1.09 15.74 9.66 29.01 10.95 8.34 21.22 21.95 24.94 16.87 23.46 18.22 11.88 26.75 31.9 23.93 16.36 7.2 16.43 22.34 24.31 32.02 4.21 8.25 12.82 7.05 18.64 17.29 17.39 28.24 0.82 21.57 9.19 38.86 28.36 15.99 2.25 4.38 8.69 7.11 4.29 16.79 32.54 26.77 13.95 5.27 9.91 14.27 21.28 18.49 12.48 1.17 28.03 8.91 13.08 9.15 3.64 21.64 19.91 11.59 9.34 31.23 6.28 13.52 10.64 8.41 22.05 3.43 10.48 31.5 31.64 17.69 9.44 10.32 25.16 38.57 32.6 14.33 8.29 37.7 24.73 11.01 13.15 8.08 15.73 30.45 12.03 25.26 16.87 15.48 27.51 23.25 22.88 20.37 19.32 19.11 16.76 12.38 4.06 3.63 5.9 16.73 9.3 14.19 5.56 15.87 8.64 8.66 5.21 17.74 5.75 9.2 7.28 9.33 10.39 6.85 10.85 15.44 16.69 13.02 37.1 37.46 12.57 13.99 13.12 25.66 39.47 35.62 12.05 7.87 19.65 25.16 23 12.58 6.86 31.56 22.5 14.58 20.26 30.01 26.71 31.72 15.55 16.23 29.14 17.42 9.53 19.86 11.32 14.07 41.08 33.16 21.64 8.8 23.78 18.26 9.19 12.51 17.5 12.95 40.2 0.75 39.05 24.26 7.36 29.81 36.55 24.96 5.73 25.44 11.01 14.61 12.59 5.79 2.88 29.8 11.87 4.43 15.9 8.09 12.21 34.61 20.9 20.55 31.91 7.55 6.78 12.75 7.14 28.94 37.22 9.42 8.26 9.78 3.12 14.83 7.12 25.67 22.8 12.31 12.59 2.36 17.49 32.48 5.22 23.14 21.41 16.98 1.28 12.77 16.67 22.61 32.69 10.8 22.41 18.69 34.18 22.52 24.83 23.09 30.19 10.68 10.59 12.99 18.4 4.55 32.07 4.01 15.24 8.05 4.9 31.86 19.02 16.45 2.09 5.07 22.19 12.18 14.74 4.43 22.14 3.43 11.21 8.12 10.34 9.61 7.6 17.18 7.12 10.27 4.28 14 10.91 15.66 6.16 18.4 8.87 9 4.31 24.81 3.96 16.29 5.07 6.2 18.8 15.71 17.66 5.46 11.31 8.59 12.46 15.36 8.8 13.02 2.5 24.34 16.06 7.91 15.94 3.37 10.45 15.72 6.25 22.05 18.46 20.12 3.81 3.12 20.14 13.06 21.09 5.21 13.26 23.98 7.37 15.54 18.89 11.54 34.21 21.73 9.85 43.57 7.85 9.11 13.12 6.22 14.91 19.74 26.24 16.61 5.25 18.5 5.35 5.58 27.42 7.02 19.67 24.94 14.21 7.14 11.56 6.33 19.97 12.68 5.57 14.18 4.82 19.44 14.07 17.27 14.86 3.73 29.43 3.89 31.39 10.71 24.67 1.91 5.31 16.14 10.94 15.31 14.55 6.01 11.5 15.36 11.91 11.21 19.24 6.51 18.98 6.21 8.79 24.08 19.3 9.83 21.75 20.4 18.55 40.32 10.95 8.93 24.5 2.38 12.62 16.83 17.49 6.25 16.7 18.38 12.4 19.44 4.69 18.45 8.84 20.38 9.47 15.44 18.9 12.74 5.39 15.51 11.35 12.13 6.84 4.96 23.13 15.86 22.43 22.02 8.01 14.05 20.7 5.3 20.16 13.23 12.06 8.95 19.37 15.73 17.38 19.75 21.55 23.41 18.23 19.05 12.33 13.91 29.7 12.82 29.99 5.66 6.93 28.01 14.56 24.7 38.16 7.8 38.96 11.19 31.93 0.94 5.47 15.95 24.68 14.02 30.38 16.36 27.46 11.58 12.06 18.87 9.99 16.61 12.38 7.39 21.04 40.03 10.46 18.02 19.9 34.29 31.05 5.75 
2.8 2.11 2.2 2.94 1.66 1.71 2.89 1.45 2.83 1.78 2.56 1.65 2.15 1.08 1.29 2.94 1.97 2.59 2.96 1.42 1.35 1.69 1.78 2.15 1.4 2.72 2.83 1.2 2.78 2.66 2.13 1.76 2.77 1.34 2.88 1.56 1.86 2.52 2.97 2.51 2.73 1.5 2.35 1.61 2.23 1.95 2.56 2.08 1.75 2.81 1.42 1.7 2.91 2.66 1.71 1.59 1.09 2.17 1.94 2.17 2.84 1.92 2.24 2.84 1.05 2.48 2.45 2.05 1.7 1.54 1.87 2.42 2.3 1.55 2.64 2 2.57 2.5 1.02 1.03 2.15 2.72 2.35 2.79 2.77 1.56 1.58 1.88 1.59 1.56 2.06 2.28 2.64 2.42 1.46 1.54 1.89 2.81 1.91 2.06 2.14 1.99 1.6 2.78 1.52 2.95 2.21 2.14 1.86 1.49 2.43 1.17 2.73 1.06 2.41 1.88 1.37 1.05 2.9 1.96 2.27 1.44 1.56 2.59 2.38 2.47 1.12 2.68 2.38 2.56 1.41 2.3 1.29 1.91 1.04 2.11 1.3 1.68 2.96 2.55 1.89 2.89 1.34 2.75 2.13 1.53 1.12 1.12 2.27 2.69 2.07 1.86 1.56 1.21 1.72 2.91 1.42 1.43 1.34 2.04 2.64 2.96 2.02 2.34 2.1 2.44 2.26 1.89 1.48 2.65 1.6 2.54 1.49 1.48 1.6 1.07 2.01 2.88 1.06 1.74 1.98 1.12 2.52 2.69 2.87 1.41 2.82 2.18 2 1.62 1.28 2.37 1.8 2.19 1.74 3 2.57 1.68 2.14 2.76 2.96 1.93 2.05 2.59 2.34 1.17 1.87 2.42 1 2.84 1.89 1.8 2.01 1.93 2.79 2.48 2.48 1.5 2.26 2.39 1.31 2.46 1.25 1.52 2.08 1.55 1.72 1.83 1.75 2.74 2.59 2.19 1.6 2.46 1.07 2.12 1.22 2.79 1.79 2.09 2.79 2.16 2.08 2.54 2.85 1.75 2.21 2.23 1.86 1.93 2.34 2.37 1.71 2.31 2.38 2.3 2.49 1.24 2.04 1.5 1.64 1.65 2.64 2.82 2.33 2.18 2.49 1.5 1.92 2.2 2.13 2.35 1.92 2.53 1.2 2.14 1.98 2.12 1.32 2.07 1.42 2.25 2.37 2.04 2.38 2.49 2.83 2.4 1.23 2.48 1.67 1.73 1.21 1.61 2.16 2.07 1.02 2.13 1.2 2.2 1.13 2.18 2.54 2.55 2.09 2.7 1.93 1.7 1.99 1.67 1.55 2.91 2.46 2.85 2.7 2.35 1.62 1.3 1.85 2.76 1.47 1.51 2.81 1.18 2.54 2.73 2.17 2.57 2.54 2.3 2.99 2.64 2.73 2.72 1.77 2.96 1.92 2.36 1.72 1.43 2.38 2.08 1.29 2.93 1.43 1.29 2.63 1.21 2.69 2.23 1.69 1.04 1.32 1.59 2.49 1.51 2.6 2.04 2.6 1.85 2.8 1.61 2.64 2.19 1.35 2.58 1.47 2.84 1.03 2.36 1.25 2.49 1.63 1.84 2.08 1.07 1.7 2.01 2.45 1.59 1.87 1.53 1.44 2.08 1.85 2.9 2.77 1.4 1.37 1.7 2.37 2.39 2.66 2.07 1.98 1.32 2.87 1.66 2.37 2.49 2.05 2.28 2.05 1.1 1.23 2.64 2.34 1.43 1.67 2.48 1.57 1.34 2.41 2.58 1.38 1.69 1.3 2.65 2.71 2.45 1.94 2.8 1.45 1.83 2.06 2.7 1.93 1.4 1.98 2.78 2.14 1.24 2.7 2.98 2.68 2.35 1.74 1.04 1.46 1.05 2.69 1.22 2.25 1.37 2.51 1.77 2.67 2.66 2.77 1.13 2.42 1.42 2.28 1.43 2.77 2.64 1.8 1.4 2.19 2.91 2.46 1.86 1.49 1.39 1.51 2.09 2.71 2.42 2.63 2.71 2 1.98 1.17 1.67 1.83 1.63 1.51 2.39 1.53 2.8 2.38 1.6 2.95 1.93 1.4 2.71 2.29 2.4 1.86 1.2 1.69 1.2 1.04 1.69 2.15 2.21 2.19 2.42 2.74 2.52 2.48 2.17 1.3 1.2 2.52 2.35 2.66 1.08 1.67 2.85 1.12 2.83 1.26 2.2 2.37 2.66 1.3 2.77 3 1.64 1.09 2.11 2.18 2.72 1.52 2.14 2.75 1.94 1.33 1.64 2.38 2.79 2.71 1.08 1.84 2.81 1.08 2.67 2 1.54 2.22 2.5 1.72 2.63 1.57 2.24 1.77 1.29 1.04 2.7 2.76 1.9 1.34 1.07 2.48 2.92 2.67 2.04 1.09 1.97 2.6 2.52 2.11 2.45 1.93 2.02 1.12 1.84 2.27 1.21 2.28 2 1.41 1.68 2.43 2.94 2.49 1.88 1.22 2.47 2.58 2.57 2.6 1.69 1.55 2.02 2.49 2.1 2.27 1.33 1.8 2.48 2.62 2.74 1.53 1.57 1.56 2.64 1.5 2.35 2.44 1.4 2.73 2.39 2.55 1.74 1.53 1.54 2.04 2.42 1.82 1.83 2.96 1.49 2.47 2.61 1.55 2.06 2.95 1.83 1.02 2.77 2.56 2.91 1.05 1.09 1.28 1.39 2.16 1.43 2.51 1.32 1.04 1.68 1.68 1.53 1.82 1.1 2.18 1.3 1.42 2.03 1.58 2.12 2.17 1.65 1.23 1.21 2.3 1.04 1.74 2.44 2.69 2.3 2.14 1.4 2.46 1.27 2.88 2.05 1.24 2.14 2.58 2.9 2.4 1.6 2.49 1.42 2.57 2.98 2.6 1.92 2.84 1.94 1.66 2.97 1.24 2.07 2.98 2.97 1.63 2.01 1.7 1.37 2.07 2.69 2.17 1.37 2.58 2.03 2.94 2.69 1.28 1.29 1.18 2.02 1.94 1.65 1.5 1 1.04 1.89 1.94 2.28 1.28 2.44 2.07 1.01 2.15 2.87 2.5 2.52 2.49 2.95 2.58 1.02 2.94 1.87 1.38 1.03 2 1.05 2.97 1.56 1.84 2.52 2.68 2.79 2 1.19 1.98 2.13 2.5 1.04 2.45 2.09 1.03 2.72 1.9 1.97 1.97 1.15 1.85 1.26 2.68 2.78 1.25 2.86 1.98 2.67 1.52 1.7 2.34 1.14 1.6 1.78 1.42 2.46 2.59 2.24 2.01 2.88 2.31 1.76 1.12 2.92 1.36 2.2 1.15 1.02 1.23 2.49 2.64 1.06 1.92 1.93 1.12 1.55 1.51 1.24 1.03 2.93 1.18 1.67 2.24 1.98 2.36 1.53 1.5 2.59 1.34 2.41 2.39 2.05 1.75 1.76 2.26 2.81 2.77 2.36 1.74 2.58 1.1 2.24 1.27 1.67 2.72 1.89 1.73 2.26 2.21 1.64 2.84 1.5 2.18 2.28 1.35 2.27 1.91 1.93 2.65 1.66 2.39 2.35 2.43 1.2 2.66 1.07 2.16 1.05 1.96 1.4 2.03 1.58 1.63 1.84 1.81 1.09 1.13 1.78 1.33 2.84 1.21 2.4 1.15 2.29 1.11 1.71 2.32 1.85 1.71 1.17 2.31 1.19 2.22 2.1 2.6 1.91 2.38 1.68 2.12 1.05 1.08 1.09 2.11 1.33 1.91 1.05 1.21 2.4 1.17 1.14 1.89 2.26 1.26 1.04 2.74 2.11 1.73 1.39 2.81 1.32 2.45 2.52 1.02 1.83 2.19 2.71 2.25 2.54 1.2 2.41 2.29 1.13 1.33 2.28 1.1 2.01 1.96 2.49 1.62 1.76 1.77 2.48 2.23 2.48 2.22 1.89 1.35 2.79 2.7 1.52 1.33 2.47 1.58 2 2.29 1.2 2.82 2.15 1.79 2.67 2.51 1.25 2.05 2.65 2.99 2.71 1.16 2.84 2.89 1.81 1.9 2.27 2.84 1.34 2.3 2.57 2.9 2.38 1.81 1.25 1.76 1.38 1.68 2.05 1.79 2.85 2.68 1.85 1.56 1.58 2.57 2.73 2.56 1.08 1.57 1.98 1.14 1.11 1.42 2.05 2.75 1.74 2.2 1.96 1.36 2.35 2.89 2.44 1.15 1 1.77 1.3 1.63 1.35 2.43 1.78 2.58 1.22 1.64 1.39 2.83 3 1 2.19 2.69 1.78 2.17 2.47 2.1 1.42 2.02 2.95 2.59 1.88 1.47 2.04 1.25 2.94 2 1.1 1.75 1.05 2.03 1.78 1.9 2.63 1.14 2.34 2.59 2.27 1.67 2.48 2.14 1.37 2.49 1.53 1.22 2.35 2.12 2.47 2.94 2.3 2.13 1.67 2.59 2.92 1.71 2.5 1.49 1.68 2.42 2.58 2.56 1.08 2.42 2.6 1.39 1.6 2.61 1.54 1.3 2.22 2.36 2.69 1.84 2.88 1.33 2.27 1.54 2.65 2.6 1.3 2.01 1.62 1.8 1.49 1.73 2.54 1.94 2.55 2.05 2.11 2.09 1.71 2.44 2.44 1.62 2.61 1.79 1.48 2.33 2.06 1.33 2.17 2.18 2.6 1.45 2.48 1.03 2.89 1.92 1.62 1.97 1.42 2.35 2.17 2.21 2.62 2.09 1.37 2.18 2.27 1.79 2.86 1.9 2.63 1.09 1.51 1.46 1.6 1.71 2.64 3 1.6 2.32 2.33 2.59 1.85 1.37 2.23 1.91 2.8 1.67 1.2 1.45 2.06 2.24 1.71 1.51 2.34 2.76 1.17 1.46 2.72 2.75 1.36 1.71 2.19 1.51 1.79 2.64 2.51 2.9 2.28 2.22 3 2.71 1.9 2.22 1.04 1.08 1.11 1.41 2.55 1.08 2.28 1.27 1.66 2.95 1.06 2.88 2.79 1.85 2.48 1.72 2.04 1.89 2.23 2.45 2.5 1.38 1.63 2.98 1.14 2.06 2.76 2.7 1.86 2.18 2.93 2.47 1.78 1.06 1.29 1.85 1.59 1.62 2.77 2.76 1.53 2.54 1.96 2.36 1.28 2.38 1.07 2.08 1.37 1.09 2.97 1.96 2.44 1.58 2.48 1.15 2.4 2.91 1.3 2.03 1.01 1.29 2.72 1.86 2.68 2.71 1.74 2.62 2.42 1.43 1.56 2.12 2.08 2.28 1.27 1.16 2.02 2.45 1.59 2.47 2.73 1.27 2.13 1.13 2 1.91 2.78 2.97 2.05 2.14 2.31 2.81 2.17 1.59 1.37 1.95 1.34 2.51 2.5 2.14 2.54 2.02 2.64 2.63 2.63 2.38 2.78 1.36 2.24 1.11 1.68 1.9 1.29 2.51 1.26 1.82 2.26 1.2 1.86 1.25 1.02 1.4 3 2.74 2 1.67 2.05 1.27 2.33 1.87 2.63 1.8 2.35 1.52 2.9 2.56 1.49 2.01 1.24 2.17 2.14 2.48 1.98 2.47 1.17 1.67 2.89 1.02 1.06 1.35 2.24 1.67 1.15 1.42 1.66 2.42 2.28 1.06 2.94 1.26 1.31 1.31 2.2 1.97 1.4 1.4 2.25 1.18 2.09 1.39 2.43 1.63 2.99 1.6 2.22 1.03 1.4 2.69 2.6 2.51 1.45 1.08 1.3 1.03 1.3 1.92 1.64 1.5 1.77 2.43 1.2 2.53 2.89 2.2 2.18 2.04 2.14 1.96 1.64 2.73 2.78 1.69 1.24 2.99 1.03 2.55 1.05 1.8 2.14 2.57 2.91 1.24 1.41 2.25 1.45 1.1 1.31 1.63 1.16 2.63 2.14 1.25 2.98 2.49 2.57 1.02 2.68 2.38 2.08 2.5 2.91 2.5 2.83 1.11 1.37 2.32 1.43 2.41 2.16 1.62 2.48 1.19 1.35 1.1 1.97 1.68 2.12 2.63 2.05 2.15 1.58 1.41 2.11 2.14 1.53 1.68 1.05 1.22 2.67 2.44 1.69 1.3 1.07 2.73 2.71 2.94 1.62 2.76 2.46 1.21 2.12 2.59 2.52 1.6 2.47 2.91 2.98 1.21 1.71 1.38 1.36 2.22 1.16 2.53 1.5 2.72 2.91 1.62 1.98 1.28 2.27 2.53 2.46 1.75 1.97 2.7 1.68 1.27 1.84 2.4 1.33 2.09 2.7 1.67 1.39 1.68 1.78 2.61 1.55 1.69 1.62 2.11 2.16 1.6 1.19 1.55 2.99 1.44 2.37 2.88 1.82 2.63 2.5 2.09 2.81 2.16 2.54 2.65 2.16 1.34 2.77 2.48 2.3 1.12 2.56 2.9 1.21 2.34 1.91 1.08 1.61 2.87 2.35 2.58 2.18 2.91 1.93 1.16 2.27 2.01 2 2.86 2.32 1.65 1.41 1.45 2.26 1.86 2.71 1.83 1.51 1.3 2.16 1.07 2.65 1.36 1.31 1.29 1.02 1.62 2.35 2.21 2.12 1.64 1.22 1.58 2.4 1.92 2.79 1.03 2.13 2.92 1.06 2.17 2.02 1.88 1.99 2.04 1.34 1.14 1.4 2.54 2.01 2.48 2.97 1.33 2.48 2.86 1.67 2.86 2.98 2.42 1.61 2.9 1.08 1.79 2.71 2.8 2.59 1.26 1.92 1.73 2.29 1.79 1.65 2.24 2.48 1.77 2.35 2.24 1.47 1.4 2.57 2.03 1.1 2.94 2.79 1.35 1.1 2.72 1.3 2.63 2.15 2.74 1.3 1 1.46 2.18 2.24 1.07 1.63 2.64 2.69 2.89 1.41 1.14 2.98 1.68 2.41 2.69 1.5 1.44 1.13 2.85 1.04 2.54 1.08 1.94 2.56 2.34 2.74 1 2.83 2.57 2.67 1.42 1.93 1.41 1.27 2.57 2.22 2.18 1.37 2.8 1.4 1.23 1.31 2.62 1.13 1.91 1.32 1.18 1.46 2.05 1.79 2.88 2.84 1.31 1.34 1.7 2.04 2.41 2.57 2.77 2 1.73 1.64 2.53 1.03 1.99 1.48 1.86 1.98 2.76 2.71 1.43 1.28 2.32 2.72 2.71 1.43 1.48 1.87 2.62 1.35 1.37 1.99 1.83 2.76 2.71 2.21 1.34 1.98 2.68 2.93 2.13 1.38 2.06 1.2 2.94 1.14 1.7 2.04 1.78 2.08 2.69 1.49 1.22 2.73 2.8 1.34 1.09 1.86 1.87 1.68 1.45 1.14 1.87 1.18 1.02 2.82 1.9 1.08 1.13 2.18 1.29 2.99 2.12 2.75 2.67 2.38 2.61 1.84 2.36 1.93 1.24 1.86 2.71 2.54 1.85 2.97 2.32 1.86 2.24 1.74 1.69 1.29 1.2 1.9 2.94 1.81 2.71 1.91 1.15 2.26 2.28 1.47 1.39 2.94 2.88 2.66 1.5 1.33 2.54 1.69 2.89 1.19 2.05 1.77 2.59 1.68 2.03 2.24 1.52 2.08 1.78 1.19 2.3 2.38 2.27 1.63 2.9 1.43 2.33 1.97 1.76 1.12 2.97 1.63 1.11 2.07 1.39 2.87 1.62 1.18 2.63 2.14 1.15 2.76 1.03 1.14 1.02 1.84 1.45 1.97 2.02 2.68 2.32 1.3 2.38 1.48 2.13 1.46 1.17 2.45 2.13 1.87 1.97 2.06 2.34 1.42 1.58 2.59 1.77 2.01 2.97 1.96 1.81 1.8 2.08 2.62 1.99 2.55 1.8 2.87 2.84 2.31 2.46 1.42 1.38 2.35 1.27 2.23 1.17 1.36 2.21 2.36 1.43 1.55 1.06 2.37 2.68 2.68 2.9 1.75 1.12 1.78 2.61 2.84 2.1 2.23 1.47 1.76 1.74 1.24 1.74 1.56 1.93 2.68 2.54 1.08 1.53 1.5 1.61 1.27 2.93 2.4 1.29 1.7 2.56 1.91 1.3 2.44 1.13 2.22 2.29 1.77 1.46 2.76 2.52 1.93 2.39 1.93 2.31 2.13 2.09 1.76 2.59 1.82 1.29 1.28 2.8 1.27 2.36 2.85 2.9 2.13 1.78 2.63 2.83 1.9 2.89 2.9 1.88 1.61 1.9 1.72 1.85 1.84 1.93 2.74 1.73 2.26 2.68 2.45 2.46 2.75 1.92 1.47 1.03 2.52 2.77 1.44 2.9 2.77 2.46 1.54 1.56 1.5 1.21 1.07 2.22 1.42 2.7 1.42 1.14 2.22 2.22 2.11 2.71 2.24 2.56 2.31 2.29 2.05 1.85 2.31 2.74 1.61 1.07 2.8 2.89 1.42 2.98 1.46 1.53 1.38 1.36 1.88 1.2 2.95 1.63 1.81 1.88 1.8 1.31 1.4 2.33 1.71 2.22 1.08 1 2.19 2.42 1.16 1.13 2.29 1.93 1.13 1.1 1.61 2.28 1.14 2.96 1.52 1.59 2.6 2.26 1.74 1.68 2.93 2.3 1.07 2.55 1.85 1.2 1.47 1.11 1.78 1.69 2.33 1.2 1.51 1.88 1.93 1.6 1.93 2.33 1.16 1.83 1.41 2.44 2.83 1.43 3 2.91 2.56 1.4 1.21 1.81 1.6 1 2.83 2.35 1.45 2.42 1.2 2.52 1.98 1.36 2.44 2.48 1.51 1.26 1.12 1.46 2.66 1.15 2.31 2.88 1.73 1.43 2.69 2.61 2.2 1.36 1.67 1.58 1.42 2.05 2.53 1.71 1.74 1.83 2.84 1.89 2.73 2.6 3 1.24 1.73 2.4 2.26 2.94 1.54 1.64 2.73 2.9 2.62 1.17 2.99 2.77 2.14 1.81 1.45 2.48 1.68 1.83 1.64 2.72 1.98 2.28 2.89 2.68 1.83 1.84 1.09 2.37 2.53 1.6 1.24 1.77 2.23 1.53 1.21 2.4 1.82 2.57 2.12 2.33 1.02 2.78 1.59 1.01 1.47 2.84 1.37 2.01 2.28 1.7 2.32 1.04 1.13 1.7 1.52 2.34 2.64 1.49 2.77 2.41 1.43 2.9 2.91 1.49 1.96 1.11 2.25 1.07 2.74 1.24 2.14 2.87 2.14 1.97 2.83 1.67 1.84 1.47 2.91 1.98 2.01 2.84 2.13 2.34 2.63 1.12 2.83 1.32 1.87 2.48 2 1.41 1.04 2.88 2.17 2.76 2.39 2.45 1.18 2.21 1.57 1.81 2.5 2.68 1.2 1.85 2.34 1.69 2.34 1.7 1.59 2.41 1.79 1.99 2.5 1.39 1.38 2.14 1.97 1.25 2.31 1.29 1.95 2.02 1.93 1.02 1.93 2.98 2.01 1.87 1.07 2.1 2.73 1.46 2.04 2.88 2.4 2.5 2.84 1.16 1.06 2.41 1.96 2.06 1.67 1.03 1.84 1.98 1.27 1.52 1.35 2.76 1.62 1.52 2.86 1.56 1.77 1.83 2.37 2.56 2.33 2.75 1.68 2.03 1.55 2.48 2.57 1.56 3 2.95 1.89 1.01 1.1 1.58 1.63 2.9 2.54 2.79 1.52 2.81 1.13 2.95 2.21 1.49 2.58 1.77 1.84 2.74 1.12 2.67 2.39 2.9 1.78 1.32 2.05 2.22 2.41 2.01 2.82 1.97 1.18 1.36 2.27 1.31 2.67 2.18 1.09 1.79 2.48 3 2.02 1.63 2.8 1.09 2.82 2.1 2.84 1.58 1.03 2.95 1.6 1.98 2.18 2.32 1.88 2.96 2.06 1.93 2.62 2.25 2.65 2.19 2.26 2.7 1.63 1.04 2.75 2.15 1.94 2.57 2.37 2.65 2.76 1.25 1.13 1.7 2.52 2.19 1.22 1.5 1.64 2.7 1.8 1.29 2.64 2.2 1.12 1.98 2.6 1.39 2.55 2.39 2.81 1.34 2.42 1.11 2.59 2.25 1.49 2.43 2.62 2.24 2.26 1.38 2.1 1.45 2.03 1.49 1.61 2.41 1.46 1.16 1.83 1.56 1.4 1.01 1.94 1.02 2.92 1.72 1.58 1.98 1.56 2.66 1.09 1.53 2.88 1.72 2.81 1.87 2.04 2.93 2.74 2.57 1.13 2.18 1.46 2.97 2.3 2.05 1.35 2.41 2.22 1.17 2.79 2.01 2.9 2.56 1.04 2.14 1.84 2.5 2.01 1.86 2.07 2.26 2.35 1.99 1.84 2.48 1 2.02 2.4 2.69 2.86 2.48 2.94 2.74 1.37 1.51 1.78 2.19 2.01 2.83 1.25 2.98 2.67 1.55 1.95 2.48 1.99 1.84 1.27 1.59 1.71 2.3 1.29 1.33 2.29 2.8 2.61 2.53 2.84 1.65 1.76 1.56 2.42 1.89 2.64 1.99 1.1 1.89 1.39 1.55 2.95 1.27 1.29 1.26 2.63 2.7 1.16 2.08 1.92 1.64 1.78 1.39 1.61 1.57 1.75 1.16 1.73 1.1 1.4 1.95 2.99 2.76 2.23 2.59 2.09 1.67 2.29 1.68 1.17 1.93 2.99 2.86 2.41 2.45 2.06 1.57 2.86 1.01 2.12 1.93 2.72 1.9 2.75 1.19 1.65 2.96 2.66 1.91 2.56 2.99 1.4 1.78 1.09 2.35 2.89 1.62 1.37 1.73 2.78 2.69 2.96 2.26 1.36 1.8 1.68 1.9 2.32 2.46 2.47 2.98 1.49 1.44 1.58 1.96 2.76 1.35 2.78 2.72 2.47 2.75 1.39 1.67 2.85 2.09 1.79 2.48 1.84 1.71 2.78 2.9 2.13 2.81 2.9 2.72 2.37 1.09 1.1 2.32 1.78 1.51 1.71 2.08 2.78 1.06 2.46 2.2 1.25 1.12 2.89 2.12 2.46 1.87 2.21 1.22 2.98 2.02 2.83 2.2 2.19 2.71 1.89 1.08 1.34 2.88 2.36 2.1 2.93 2.43 1.95 1.32 1.17 1.33 1.69 2.82 2.72 2.23 2.44 2.09 2.7 2.9 2.9 1.34 1.04 2.52 1.67 2.86 2.09 1.59 2.79 1.4 2.03 1.64 1.24 1.21 2.42 2.68 1.82 2.06 2.91 2.48 2.52 1.58 2.27 1.45 2.6 2.78 2.77 1.37 1.5 1.92 2.59 1.98 2.67 1.76 1.53 2.89 1.61 2.63 1.3 1.91 1.41 1.16 2.5 2.38 2.32 1.14 2.21 1.06 2.69 1.46 1.04 2.97 2.04 2.68 1.73 2.43 1.6 2.39 1.64 2.02 2.76 1.12 1.36 2.68 1.19 1.59 2.36 2.18 2.82 1.74 2.93 2.99 1.33 1.55 1.66 1.96 1.73 1.75 2.84 1.91 1.39 2.07 1.33 2.58 2.9 1.28 1.27 1.9 2.88 1.2 2.91 2.52 2.24 2.13 2.59 2.34 2.36 2.1 2.77 2.56 1.12 2.27 2.15 1.96 2.25 1.45 2.69 2.29 1.02 2.91 1.26 1.95 1.3 2.53 2.52 1.05 2.33 1.02 1.72 2.42 1.55 1.76 1.2 2.39 2.95 2.22 2.66 1.25 1.13 1.51 1.23 1.24 1.24 1.37 1.2 2.92 2.8 1 1.6 2.35 2.72 1.57 1.39 1.04 2.85 2.72 2.51 3 2.64 2.57 2.75 1.51 1.87 1.5 2.07 2.09 2.96 1.86 1.07 2.75 1.36 1.16 1.01 2.46 1.07 1.25 1.36 2.84 2.61 1.1 1.58 2.01 2.36 1.56 2.26 2.06 1.47 1.37 2.16 2.21 1.12 1.49 1.06 1.85 2.93 1 2.14 2.99 1.32 2.45 2.38 1.18 1.99 1.24 2.5 1.36 1.3 2.95 2.82 1.89 2.44 1.86 2.7 2.29 2.46 1.8 1.85 2.81 1.58 2.22 1.36 1.4 2.06 2.54 2.44 2.9 2.88 1.77 1.03 1.63 
