75 2775
5.92 6.74 10.5
84010.7
8 45 96 4 17 47 62 26 78 47 83 12 34 3 79 81 33 11 77 31 40 89 16 27 87 56 62 14 21 82 92 83 67 52 28 66 67 17 39 88 7 49 25 32 23 15 71 2 31 77 84 66 81 31 43 50 77 11 11 87 54 47 14 14 96 15 84 43 54 41 36 98 41 78 29 
0 23.22 25.29 1.42 14.44 29.03 31.99 28.63 1.42 22.67 15.52 23.17 21.94 11.87 17.51 15.58 22.63 11.65 15.94 32.11 20.05 13.47 8.96 16.34 2.83 26.81 29.24 28.45 20.31 23.11 22.76 17.45 27.81 9.33 31.92 10.88 19.46 15.82 8.86 10.4 15.13 19.02 9.63 21.28 3.18 24.23 18.66 16.62 13.8 18.19 22.13 8.44 25.7 27.42 30.04 30.81 26.58 9.53 4.69 6.38 20.63 23.36 18.75 14.79 17.74 30.19 22.69 27.7 20.93 13.13 21.57 31.13 11.3 12.86 21.82 
23.22 0 6.73 22.11 22.47 7.22 20.61 19.77 21.8 3.62 15.9 8.13 5.05 12.2 11.76 21.68 17.67 13.93 18.63 19.18 17.26 12.1 14.87 22.93 20.76 3.78 9.04 9.3 24.43 8.17 5.23 6.72 10.35 24.38 21.58 20.19 24.56 18.47 15.36 16.04 22.51 5.01 21.56 24.31 22.01 12.36 17.05 11.6 14.58 23.29 23.93 18.09 7.79 4.56 15.07 17.35 8 24.05 20.14 19.38 4.59 17.43 10.5 8.77 17.32 18.05 21.69 4.55 22.76 13.66 11.78 17.31 16.16 11.19 9.82 
25.29 6.73 0 24.46 20.37 12.15 13.95 13.48 23.95 10.34 13.65 2.99 3.54 13.42 9.39 19.19 12.72 18.46 16.01 12.46 13.17 12.11 16.34 20.27 22.54 8.22 3.95 3.3 20.73 3.07 11.96 8.08 3.7 28.58 14.98 19.24 21.12 15.9 16.52 20.47 20.2 6.93 25.98 20.33 24.89 6.52 13.47 9.82 13.36 20.1 19.67 18.33 1.06 9.02 8.34 10.63 1.48 23.47 23.28 22.95 10.97 12.23 16.76 12.96 14.08 11.4 17.05 6.59 18.72 13.1 7.15 10.59 15.68 12.43 5.3 
1.42 22.11 24.46 0 14.92 27.79 31.73 28.45 0.84 21.44 15.36 22.46 21.06 11.08 17.02 15.95 22.51 10.26 16.02 31.75 19.96 12.85 8.22 16.8 2.61 25.67 28.4 27.67 20.74 22.4 21.48 16.53 27.11 8.44 31.72 11.17 19.93 15.89 8.24 8.98 15.58 18.05 8.43 21.67 2.01 23.73 18.57 16.1 13.48 18.61 22.46 8.35 24.92 26.26 29.52 30.4 25.78 10.34 3.28 4.98 19.38 23.2 17.36 13.59 17.69 29.84 22.84 26.62 21.22 12.68 21.08 30.7 11.08 12.04 21.21 
14.44 22.47 20.37 14.92 0 29.68 20.55 16.79 14.08 24.16 6.77 17.4 18.41 12.02 11.12 1.6 11.01 19.5 4.44 21.39 8.69 10.82 11.38 1.9 12.43 26.1 23.79 22.53 5.87 17.33 25.16 15.92 21.03 23.22 20.02 4.02 5.02 4.52 10.58 19.86 0.7 17.51 22.46 6.89 16.77 15.79 7.62 10.99 7.94 3.77 7.85 7.68 20.15 26.95 20.96 20.68 21.03 5.74 16.86 18.11 22.75 11.91 24.67 18.06 6.71 19.53 9.13 25.73 6.82 9.11 13.67 21.11 7.21 12.63 15.17 
29.03 7.22 12.15 27.79 29.68 0 25.67 25.61 27.62 6.36 23.12 14.51 11.92 18.95 18.95 28.9 24.44 18.3 25.85 23.91 24.28 19.16 21.37 30.15 26.85 3.98 12.28 13.26 31.58 14.56 6.48 13.82 14.99 28.33 26.83 27.26 31.74 25.69 21.96 20.29 29.73 12.17 25.39 31.41 27.32 18.58 24.17 18.82 21.76 30.49 30.97 24.91 13.11 3.13 19.71 22.17 12.85 30.99 25.34 24.24 8.41 24.08 12.36 14.26 24.49 23.21 28.6 5.75 29.84 20.77 18.55 22.01 23.21 17.99 16.54 
31.99 20.61 13.95 31.73 20.55 25.67 0 3.78 30.98 24.18 16.52 12.87 16.15 21.76 15.11 18.94 9.69 29.53 16.85 2.11 12.26 19.47 24.02 19.24 29.22 21.93 13.59 12.45 16.95 12.86 25.8 19.05 10.69 38.21 1.4 22.12 17.89 16.89 23.73 31.19 19.98 18.96 36.16 15.91 32.91 9.13 13.62 16.1 18.25 17.86 14.7 23.58 12.89 22.66 6.02 3.55 12.93 25.9 31.89 32.23 24.49 8.84 29.9 24.56 14.61 2.57 12.05 19.92 14.77 19.16 11.35 3.8 20.69 21.19 12.31 
28.63 19.77 13.48 28.45 16.79 25.61 3.78 0 27.68 23.2 13.12 11.66 14.92 18.95 12.34 15.19 6.07 27.09 13.2 5.09 8.67 16.61 20.99 15.46 25.9 21.7 14.2 12.88 13.23 11.63 24.79 17.04 10.92 35.26 3.31 18.51 14.15 13.26 20.63 28.61 16.22 17.27 33.36 12.22 29.73 7.47 10.06 13.32 15.03 14.08 11.02 20.19 12.5 22.5 7.18 5.31 12.8 22.2 28.84 29.3 23.19 5.28 28.23 22.42 11.03 3.74 8.31 19.93 11.02 16.08 9.05 5.76 17.37 18.51 10.48 
1.42 21.8 23.95 0.84 14.08 27.62 30.98 27.68 0 21.26 14.58 21.88 20.58 10.54 16.34 15.11 21.73 10.37 15.2 31.04 19.17 12.22 7.65 15.96 1.8 25.39 27.9 27.13 19.91 21.83 21.36 16.08 26.53 9.24 30.96 10.33 19.1 15.07 7.61 9.24 14.75 17.63 9.1 20.83 2.77 23.06 17.78 15.43 12.75 17.78 21.62 7.55 24.38 26 28.86 29.7 25.26 9.56 3.74 5.42 19.22 22.43 17.45 13.38 16.89 29.12 22.02 26.29 20.38 11.99 20.41 30.01 10.31 11.52 20.58 
22.67 3.62 10.34 21.44 24.16 6.36 24.18 23.2 21.26 0 17.92 11.54 8.3 12.85 14.11 23.56 20.66 12.18 20.68 22.78 19.94 13.39 15.11 24.86 20.49 4.94 12.49 12.85 26.77 11.57 1.62 8.32 13.96 22.48 25.12 21.4 26.8 20.51 15.74 14.24 24.29 6.96 19.57 26.78 21.02 15.74 19.55 13.74 16.23 25.44 26.52 18.8 11.4 5.21 18.68 20.95 11.61 24.94 19.06 18.04 2.08 20.51 7.37 7.9 19.68 21.62 24.48 6.89 25.28 15.07 14.86 20.92 17.35 11.94 12.99 
15.52 15.9 13.65 15.36 6.77 23.12 16.52 13.12 14.58 17.92 0 10.72 11.66 7.41 4.35 5.79 7.16 15.96 2.76 16.8 4.65 5.34 8.46 7.03 12.79 19.45 17.19 15.98 9.03 10.64 19.08 9.6 14.63 22.57 16.41 6.07 8.92 2.59 7.91 16.98 6.69 11.05 21 9.27 16.73 9.74 3.31 4.31 2.44 7.53 9.37 7.08 13.49 20.31 15.39 15.68 14.4 10.3 16.02 16.72 16.75 7.85 19.67 12.95 2.62 14.87 8.4 18.99 8 3.9 7.3 16.05 4.3 7.55 8.55 
23.17 8.13 2.99 22.46 17.4 14.51 12.87 11.66 21.88 11.54 10.72 0 3.3 11.38 6.54 16.21 9.98 17.55 13.03 11.75 10.23 9.75 14.24 17.28 20.37 10.53 6.53 5.45 17.78 0.07 13.13 6.78 4.66 27.26 13.69 16.43 18.15 12.92 14.31 19.44 17.22 6.24 24.82 17.41 23.07 4.23 10.48 7.09 10.62 17.11 16.79 15.8 2.79 11.38 8.08 9.95 3.71 20.69 21.59 21.46 11.64 9.58 17.05 12.2 11.09 10.32 14.24 9.25 15.8 10.53 4.22 10.04 13.04 10.48 2.31 
21.94 5.05 3.54 21.06 18.41 11.92 16.15 14.92 20.58 8.3 11.66 3.3 0 10.11 7.32 17.42 12.64 14.96 14.28 14.96 12.37 9.08 13.02 18.61 19.23 8.02 7.38 6.84 19.72 3.32 9.87 4.57 6.95 25.04 16.99 16.73 19.94 14.14 13.28 16.96 18.35 3.41 22.46 19.51 21.42 7.45 12.3 7.45 10.85 18.75 19.05 15.37 4.29 8.89 11.12 13.14 4.99 20.87 19.78 19.42 8.35 12.38 13.83 9.48 12.69 13.59 16.71 7.32 17.93 10.31 6.74 13.2 12.93 9.09 4.78 
11.87 12.2 13.42 11.08 12.02 18.95 21.76 18.95 10.54 12.85 7.41 11.38 10.11 0 6.65 11.86 13.67 8.59 9.72 21.43 11.58 2.36 2.92 13.17 9.13 15.97 17.37 16.59 16.09 11.33 13.57 5.76 16.04 16.48 22.01 8.72 15.77 9.53 3.22 9.8 12.32 7.45 14.43 16.51 11.72 13.09 10.45 5.66 4.99 14.28 16.73 5.97 13.84 16.71 18.74 19.9 14.71 12.09 10.36 10.51 11.15 14.1 12.69 6.04 9.97 19.59 15.76 16.4 15.35 3.5 10.53 20.15 4.82 1.04 10.29 
17.51 11.76 9.39 17.02 11.12 18.95 15.11 12.34 16.34 14.11 4.35 6.54 7.32 6.65 0 10.1 7.49 14.81 6.96 14.86 6.03 4.37 8.99 11.3 14.68 15.2 13.07 11.95 12.7 6.47 15.41 5.99 10.81 23.1 15.37 9.89 12.81 6.82 8.8 16.28 11.03 7.14 21.07 12.68 17.99 6.72 5.45 0.99 4.13 11.54 12.43 9.56 9.34 16.06 12.53 13.41 10.25 14.15 16.84 17.12 13.21 7.74 17.02 10.58 5.59 12.99 10.6 14.65 11.18 4.39 4.06 13.7 6.66 6.16 4.58 
15.58 21.68 19.19 15.95 1.6 28.9 18.94 15.19 15.11 23.56 5.79 16.21 17.42 11.86 10.1 0 9.42 19.74 3.18 19.8 7.15 10.39 11.62 1.32 13.4 25.24 22.51 21.23 4.85 16.13 24.64 15.25 19.67 24.13 18.41 4.8 4.18 3.3 10.85 20.27 1.09 16.78 23.2 5.72 17.74 14.37 6.15 10.09 7.37 2.73 6.55 8.25 18.91 26.09 19.45 19.11 19.79 7.25 17.67 18.82 22.25 10.33 24.54 17.85 5.29 17.95 7.59 24.75 5.42 8.69 12.35 19.54 7.18 12.36 13.94 
22.63 17.67 12.72 22.51 11.01 24.44 9.69 6.07 21.73 20.66 7.16 9.98 12.64 13.67 7.49 9.42 0 22.15 7.16 10.39 2.6 11.32 15.37 9.92 19.94 20.46 15.03 13.64 8.71 9.92 22.13 13.18 11.76 29.62 9.38 12.45 9.39 7.21 14.92 23.47 10.49 13.94 27.89 8.02 23.88 6.4 4 8.36 9.27 8.88 7.14 14.2 12.04 21.33 10.32 9.72 12.72 16.22 23.1 23.7 20.14 0.91 24.43 18.07 4.97 8.53 4.36 19.21 6.47 10.48 5.91 10.16 11.45 13.42 7.9 
11.65 13.93 18.46 10.26 19.5 18.3 29.53 27.09 10.37 12.18 15.96 17.55 14.96 8.59 14.81 19.74 22.15 0 18.08 28.88 20.15 10.88 8.13 20.98 10.32 16.93 22.04 21.74 24.32 17.52 11.82 10.78 21.88 10.45 29.97 15.61 23.86 17.89 8.92 2.11 19.96 11.55 7.65 24.86 9.3 20.46 19.04 13.86 13.53 22.36 25.18 11.97 19.25 17.35 25.59 27.19 19.94 17.46 7.31 6 10.12 22.5 7.1 5.5 18.55 27.17 24.34 18.42 23.8 12.06 18.2 27.36 12.62 8.73 17.34 
15.94 18.63 16.01 16.02 4.44 25.85 16.85 13.2 15.2 20.68 2.76 13.03 14.28 9.72 6.96 3.18 7.16 18.08 0 17.46 4.61 7.88 10.18 4.33 13.41 22.14 19.37 18.1 6.4 12.96 21.83 12.36 16.59 23.76 16.5 5.34 6.2 0.19 9.51 18.9 4.19 13.81 22.47 6.8 17.61 11.37 3.35 7.04 4.82 4.78 7.11 7.73 15.75 23.01 16.68 16.58 16.63 9.09 17.19 18.11 19.49 8.01 22.24 15.5 2.36 15.55 6.85 21.6 5.73 6.28 9.23 16.99 5.62 10.02 10.77 
32.11 19.18 12.46 31.75 21.39 23.91 2.11 5.09 31.04 22.78 16.8 11.75 14.96 21.43 14.86 19.8 10.39 28.88 17.46 0 12.85 19.22 23.85 20.22 29.31 20.25 11.72 10.66 18.25 11.75 24.4 18.22 9.01 37.9 3.51 22.62 19.14 17.49 23.62 30.62 20.87 17.96 35.73 17.27 32.83 8.43 14.14 15.83 18.31 18.97 16.09 23.77 11.39 20.95 4.22 1.83 11.32 26.55 31.7 31.93 23.23 9.5 28.78 23.74 15.15 1.94 13.33 18.17 16.01 19.09 10.9 1.91 20.84 20.78 11.54 
20.05 17.26 13.17 19.96 8.69 24.28 12.26 8.67 19.17 19.94 4.65 10.23 12.37 11.58 6.03 7.15 2.6 20.15 4.61 12.85 0 9.28 13.03 7.85 17.38 20.37 16.01 14.65 7.57 10.16 21.32 12 12.92 27.2 11.98 9.86 8.01 4.65 12.52 21.35 8.24 13.03 25.58 7.2 21.37 7.48 1.4 6.72 6.9 7.17 6.68 11.63 12.66 21.25 12.3 12.02 13.45 13.7 20.66 21.33 19.18 3.42 23.01 16.45 2.36 10.95 4.58 19.39 5.59 8.23 6.02 12.44 8.94 11.46 7.95 
13.47 12.1 12.11 12.85 10.82 19.16 19.47 16.61 12.22 13.39 5.34 9.75 9.08 2.36 4.37 10.39 11.32 10.88 7.88 19.22 9.28 0 4.68 11.7 10.65 15.85 16.04 15.13 14.28 9.69 14.35 5.38 14.37 18.74 19.7 8.11 14.06 7.69 4.61 12.15 11.01 7.1 16.75 14.59 13.7 10.96 8.2 3.39 3.07 12.6 14.71 6.29 12.38 16.65 16.71 17.74 13.29 11.99 12.49 12.76 11.93 11.74 14.36 7.63 7.81 17.36 13.55 15.94 13.34 1.71 8.35 18.01 4.07 2.22 8.36 
8.96 14.87 16.34 8.22 11.38 21.37 24.02 20.99 7.65 15.11 8.46 14.24 13.02 2.92 8.99 11.62 15.37 8.13 10.18 23.85 13.03 4.68 0 12.85 6.21 18.61 20.29 19.5 16.25 14.18 15.64 8.63 18.89 14.28 24.17 7.57 15.76 10 0.81 8.73 11.83 10.28 12.55 16.86 9.02 15.64 11.75 8.03 6.12 14.26 17.28 4.08 16.74 19.31 21.39 22.4 17.62 10.15 7.87 8.33 13.25 15.92 13.66 7.58 11.06 21.97 16.78 19.18 15.91 4.92 13.02 22.68 4.58 3.94 13.01 
16.34 22.93 20.27 16.8 1.9 30.15 19.24 15.46 15.96 24.86 7.03 17.28 18.61 13.17 11.3 1.32 9.92 20.98 4.33 20.22 7.85 11.7 12.85 0 14.29 26.47 23.51 22.21 3.97 17.2 25.94 16.54 20.59 25.07 18.62 5.77 3.14 4.48 12.07 21.46 1.22 18.06 24.24 4.99 18.64 15.22 7.01 11.34 8.68 1.88 5.99 9.35 19.95 27.33 20.12 19.63 20.81 7.55 18.67 19.88 23.57 10.83 25.86 19.17 6.23 18.4 7.51 25.93 5.05 10.01 13.33 20.07 8.46 13.68 14.99 
2.83 20.76 22.54 2.61 12.43 26.85 29.22 25.9 1.8 20.49 12.79 20.37 19.23 9.13 14.68 13.4 19.94 10.32 13.41 29.31 17.38 10.65 6.21 14.29 0 24.42 26.49 25.68 18.22 20.31 20.71 14.79 25 10.8 29.18 8.61 17.43 13.28 6.06 9.53 13.08 16.4 10.33 19.12 4.35 21.39 15.99 13.79 11 16.08 19.89 5.76 22.92 25.07 27.2 27.99 23.81 8.24 4.71 6.26 18.48 20.64 17.26 12.6 15.1 27.39 20.23 25.19 18.63 10.3 18.74 28.31 8.54 10.13 18.99 
26.81 3.78 8.22 25.67 26.1 3.98 21.93 21.7 25.39 4.94 19.45 10.53 8.02 15.97 15.2 25.24 20.46 16.93 22.14 20.25 20.37 15.85 18.61 26.47 24.42 0 8.88 9.66 27.73 10.58 6.03 10.47 11.25 27.32 23.05 23.93 27.93 21.99 19.11 19.02 26.1 8.76 24.43 27.53 25.44 14.61 20.31 15.14 18.26 26.71 27.05 21.87 9.21 0.88 16.04 18.47 9.02 27.82 23.53 22.64 6.87 20.1 12.23 12.14 20.68 19.43 24.65 2.33 25.94 17.39 14.58 18.35 19.91 14.96 12.58 
29.24 9.04 3.95 28.4 23.79 12.28 13.59 14.2 27.9 12.49 17.19 6.53 7.38 17.37 13.07 22.51 15.03 22.04 19.37 11.72 16.01 16.04 20.29 23.51 26.49 8.88 0 1.4 23.51 6.6 14.02 11.95 3.37 32.3 14.84 22.96 24.02 19.28 20.47 24.09 23.56 10.67 29.64 22.97 28.8 8.65 16.54 13.6 17.14 23.13 22.17 22.22 3.74 9.46 7.57 10.04 2.81 27.22 27.15 26.76 13.62 14.37 19.53 16.55 17.27 11.26 19.38 6.63 21.38 16.97 10.18 9.83 19.52 16.38 8.64 
28.45 9.3 3.3 27.67 22.53 13.26 12.45 12.88 27.13 12.85 15.98 5.45 6.84 16.59 11.95 21.23 13.64 21.74 18.1 10.66 14.65 15.13 19.5 22.21 25.68 9.66 1.4 0 22.14 5.52 14.43 11.37 1.99 31.88 13.66 21.83 22.66 18.02 19.63 23.76 22.28 10.23 29.28 21.59 28.15 7.27 15.22 12.53 16.05 21.79 20.78 21.24 2.76 10.32 6.45 8.92 1.88 26.1 26.56 26.25 13.8 12.97 19.68 16.23 15.97 10.05 17.98 7.52 19.99 15.97 8.88 8.75 18.49 15.63 7.44 
20.31 24.43 20.73 20.74 5.87 31.58 16.95 13.23 19.91 26.77 9.03 17.78 19.72 16.09 12.7 4.85 8.71 24.32 6.4 18.25 7.57 14.28 16.25 3.97 18.22 27.73 23.51 22.14 0 17.71 28.01 18.5 20.34 28.97 16.12 9.63 1.05 6.59 15.51 24.97 5.18 19.82 28.04 1.18 22.56 14.89 7.42 13.04 11.22 2.13 2.41 13.07 20.22 28.6 18.94 18 21 11.41 22.52 23.66 25.71 9.54 28.64 21.9 7.11 16.6 4.93 26.88 2.28 12.68 13.58 18.46 11.7 16.42 15.48 
23.11 8.17 3.07 22.4 17.33 14.56 12.86 11.63 21.83 11.57 10.64 0.07 3.32 11.33 6.47 16.13 9.92 17.52 12.96 11.75 10.16 9.69 14.18 17.2 20.31 10.58 6.6 5.52 17.71 0 13.16 6.75 4.71 27.22 13.68 16.36 18.07 12.85 14.26 19.41 17.15 6.23 24.79 17.34 23.02 4.19 10.41 7.02 10.55 17.04 16.73 15.73 2.87 11.44 8.1 9.96 3.78 20.62 21.54 21.41 11.66 9.52 17.05 12.17 11.01 10.31 14.18 9.31 15.74 10.46 4.15 10.05 12.97 10.43 2.23 
22.76 5.23 11.96 21.48 25.16 6.48 25.8 24.79 21.36 1.62 19.08 13.13 9.87 13.57 15.41 24.64 22.13 11.82 21.83 24.4 21.32 14.35 15.64 25.94 20.71 6.03 14.02 14.43 28.01 13.16 0 9.51 15.57 21.9 26.74 22.24 27.99 21.65 16.31 13.81 25.33 8.29 18.97 28.06 20.91 17.32 20.86 14.98 17.27 26.61 27.84 19.46 13.02 6.1 20.3 22.57 13.22 25.63 18.92 17.78 2.43 22 6.25 8.16 20.94 23.24 25.87 8.17 26.58 16.05 16.36 22.54 18.22 12.73 14.53 
17.45 6.72 8.08 16.53 15.92 13.82 19.05 17.04 16.08 8.32 9.6 6.78 4.57 5.76 5.99 15.25 13.18 10.78 12.36 18.22 12 5.38 8.63 16.54 14.79 10.47 11.95 11.37 18.5 6.75 9.51 0 11.22 20.58 19.65 13.48 18.49 12.18 8.98 12.67 16.01 1.73 18.08 18.57 16.85 9.92 11.42 5.48 7.98 17.12 18.39 11.46 8.7 11.27 14.82 16.49 9.49 17.35 15.21 14.88 7.24 13.24 11.3 5.52 11.45 16.6 16.58 10.69 17.11 6.96 8.01 16.64 9.45 4.73 6.74 
27.81 10.35 3.7 27.11 21.03 14.99 10.69 10.92 26.53 13.96 14.63 4.66 6.95 16.04 10.81 19.67 11.76 21.88 16.59 9.01 12.92 14.37 18.89 20.59 25 11.25 3.37 1.99 20.34 4.71 15.57 11.22 0 31.8 11.85 20.59 20.9 16.52 18.95 23.84 20.74 10.34 29.29 19.75 27.72 5.46 13.59 11.5 14.94 20.09 18.9 20.29 2.71 11.97 4.8 7.22 2.36 24.86 26.22 26.04 14.67 11.07 20.46 16.41 14.39 8.22 16.09 9.23 18.17 15.02 7.37 7.11 17.46 15.13 6.23 
9.33 24.38 28.58 8.44 23.22 28.33 38.21 35.26 9.24 22.48 22.57 27.26 25.04 16.48 23.1 24.13 29.62 10.45 23.76 37.9 27.2 18.74 14.28 25.07 10.8 27.32 32.3 31.88 28.97 27.22 21.9 20.58 31.8 0 38.41 19.33 28.21 23.61 14.7 8.34 23.86 21.66 2.94 29.83 6.48 29.52 25.87 22.11 20.35 26.84 30.53 16.08 29.27 27.68 35.05 36.35 30.03 18.78 6.58 5.98 20.46 30.19 16.16 15.81 25.1 36.06 30.6 28.87 29.24 19.19 27 36.59 18.34 17.13 26.6 
31.92 21.58 14.98 31.72 20.02 26.83 1.4 3.31 30.96 25.12 16.41 13.69 16.99 22.01 15.37 18.41 9.38 29.97 16.5 3.51 11.98 19.7 24.17 18.62 29.18 23.05 14.84 13.66 16.12 13.68 26.74 19.65 11.85 38.41 0 21.82 17.09 16.57 23.83 31.57 19.42 19.67 36.44 15.05 32.97 9.76 13.37 16.36 18.27 17.16 13.81 23.49 13.93 23.79 7.28 4.84 14.03 25.48 32.03 32.44 25.34 8.59 30.64 25.12 14.35 3.62 11.28 21.08 13.99 19.27 11.78 5.13 20.65 21.51 12.93 
10.88 20.19 19.24 11.17 4.02 27.26 22.12 18.51 10.33 21.4 6.07 16.43 16.73 8.72 9.89 4.8 12.45 15.61 5.34 22.62 9.86 8.11 7.57 5.77 8.61 23.93 22.96 21.83 9.63 16.36 22.24 13.48 20.59 19.33 21.82 0 8.9 5.26 6.76 15.88 4.6 15.18 18.47 10.51 12.94 15.81 8.51 9.42 5.9 7.5 11.29 3.69 19.22 24.74 21.44 21.62 20.14 4.27 12.9 14.11 19.81 13.28 21.13 14.69 7.51 20.7 11.87 23.88 10.06 6.54 13.33 22.01 4.06 9.51 14.4 
19.46 24.56 21.12 19.93 5.02 31.74 17.89 14.15 19.1 26.8 8.92 18.15 19.94 15.77 12.81 4.18 9.39 23.86 6.2 19.14 8.01 14.06 15.76 3.14 17.43 27.93 24.02 22.66 1.05 18.07 27.99 18.49 20.9 28.21 17.09 8.9 0 6.39 15 24.43 4.35 19.87 27.36 2.22 21.78 15.44 7.69 13.07 10.99 1.5 3.44 12.42 20.66 28.81 19.69 18.83 21.46 10.44 21.8 22.98 25.67 10.25 28.39 21.66 7.26 17.45 5.84 27.16 3.13 12.42 13.98 19.29 11.24 16.16 15.84 
15.82 18.47 15.9 15.89 4.52 25.69 16.89 13.26 15.07 20.51 2.59 12.92 14.14 9.53 6.82 3.3 7.21 17.89 0.19 17.49 4.65 7.69 10 4.48 13.28 21.99 19.28 18.02 6.59 12.85 21.65 12.18 16.52 23.61 16.57 5.26 6.39 0 9.33 18.71 4.3 13.64 22.3 6.99 17.47 11.32 3.35 6.88 4.62 4.96 7.3 7.58 15.65 22.85 16.66 16.59 16.53 9.07 17.03 17.94 19.31 8.06 22.05 15.31 2.36 15.57 7 21.46 5.92 6.09 9.15 17 5.44 9.83 10.67 
8.86 15.36 16.52 8.24 10.58 21.96 23.73 20.63 7.61 15.74 7.91 14.31 13.28 3.22 8.8 10.85 14.92 8.92 9.51 23.62 12.52 4.61 0.81 12.07 6.06 19.11 20.47 19.63 15.51 14.26 16.31 8.98 18.95 14.7 23.83 6.76 15 9.33 0 9.46 11.04 10.67 13.09 16.14 9.21 15.5 11.21 7.86 5.65 13.5 16.59 3.3 16.87 19.83 21.28 22.21 17.77 9.41 8.21 8.81 13.91 15.5 14.46 8.31 10.5 21.73 16.17 19.61 15.22 4.56 12.86 22.5 3.89 4.26 12.97 
10.4 16.04 20.47 8.98 19.86 20.29 31.19 28.61 9.24 14.24 16.98 19.44 16.96 9.8 16.28 20.27 23.47 2.11 18.9 30.62 21.35 12.15 8.73 21.46 9.53 19.02 24.09 23.76 24.97 19.41 13.81 12.67 23.84 8.34 31.57 15.88 24.43 18.71 9.46 0 20.37 13.54 5.56 25.59 7.74 22.19 20.17 15.31 14.55 22.94 26.01 12.19 21.23 19.42 27.44 28.96 21.94 17.23 5.8 4.28 12.2 23.88 8.68 7.55 19.59 28.88 25.38 20.53 24.63 13.14 19.84 29.15 13.31 10.12 19.1 
15.13 22.51 20.2 15.58 0.7 29.73 19.98 16.22 14.75 24.29 6.69 17.22 18.35 12.32 11.03 1.09 10.49 19.96 4.19 20.87 8.24 11.01 11.83 1.22 13.08 26.1 23.56 22.28 5.18 17.15 25.33 16.01 20.74 23.86 19.42 4.6 4.35 4.3 11.04 20.37 0 17.58 23.06 6.19 17.43 15.45 7.24 10.97 8.06 3.08 7.15 8.22 19.94 26.96 20.54 20.19 20.82 6.43 17.48 18.7 22.93 11.4 25 18.35 6.37 19.02 8.47 25.67 6.13 9.3 13.4 20.62 7.54 12.89 14.96 
19.02 5.01 6.93 18.05 17.51 12.17 18.96 17.27 17.63 6.96 11.05 6.24 3.41 7.45 7.14 16.78 13.94 11.55 13.81 17.96 13.03 7.1 10.28 18.06 16.4 8.76 10.67 10.23 19.82 6.23 8.29 1.73 10.34 21.66 19.67 15.18 19.87 13.64 10.67 13.54 17.58 0 19.05 19.82 18.26 9.91 12.59 6.8 9.59 18.53 19.56 13.2 7.7 9.56 14.31 16.17 8.4 19.08 16.55 16.1 6.2 13.89 10.98 6.08 12.72 16.45 17.58 8.96 18.32 8.64 8.38 16.28 11.16 6.41 6.79 
9.63 21.56 25.98 8.43 22.46 25.39 36.16 33.36 9.1 19.57 21 24.82 22.46 14.43 21.07 23.2 27.89 7.65 22.47 35.73 25.58 16.75 12.55 24.24 10.33 24.43 29.64 29.28 28.04 24.79 18.97 18.08 29.29 2.94 36.44 18.47 27.36 22.3 13.09 5.56 23.06 19.05 0 28.83 6.46 27.31 24.29 20.09 18.68 25.93 29.43 14.98 26.72 24.78 32.73 34.13 27.45 18.57 5.65 4.38 17.57 28.41 13.23 13.1 23.59 33.94 29.23 26.02 28.09 17.41 24.85 34.35 16.9 14.97 24.31 
21.28 24.31 20.33 21.67 6.89 31.41 15.91 12.22 20.83 26.78 9.27 17.41 19.51 16.51 12.68 5.72 8.02 24.86 6.8 17.27 7.2 14.59 16.86 4.99 19.12 27.53 22.97 21.59 1.18 17.34 28.06 18.57 19.75 29.83 15.05 10.51 2.22 6.99 16.14 25.59 6.19 19.82 28.83 0 23.46 14.32 7.27 13.09 11.57 3.11 1.25 13.85 19.78 28.4 18.13 17.09 20.53 12.5 23.35 24.44 25.81 8.8 28.95 22.22 7.12 15.66 3.98 26.58 1.61 13.05 13.2 17.55 12.28 16.78 15.14 
3.18 22.01 24.89 2.01 16.77 27.32 32.91 29.73 2.77 21.02 16.73 23.07 21.42 11.72 17.99 17.74 23.88 9.3 17.61 32.83 21.37 13.7 9.02 18.64 4.35 25.44 28.8 28.15 22.56 23.02 20.91 16.85 27.72 6.48 32.97 12.94 21.78 17.47 9.21 7.74 17.43 18.26 6.46 23.46 0 24.66 20 17.04 14.71 20.43 24.21 9.89 25.42 25.98 30.4 31.41 26.26 12.33 2 3.48 18.94 24.53 16.35 13.31 19.15 30.94 24.46 26.56 22.94 13.76 22.04 31.69 12.43 12.59 21.99 
24.23 12.36 6.52 23.73 15.79 18.58 9.13 7.47 23.06 15.74 9.74 4.23 7.45 13.09 6.72 14.37 6.4 20.46 11.37 8.43 7.48 10.96 15.64 15.22 21.39 14.61 8.65 7.27 14.89 4.19 17.32 9.92 5.46 29.52 9.76 15.81 15.44 11.32 15.5 22.19 15.45 9.91 27.31 14.32 24.66 0 8.23 7.64 10.61 14.64 13.52 16.15 5.72 15.45 5.82 6.83 6.34 20.03 23.43 23.57 15.72 5.79 20.89 15.43 9.09 6.71 10.76 13.1 12.73 11.1 2.66 7.07 13.2 12.39 3.18 
18.66 17.05 13.47 18.57 7.62 24.17 13.62 10.06 17.78 19.55 3.31 10.48 12.3 10.45 5.45 6.15 4 19.04 3.35 14.14 1.4 8.2 11.75 7.01 15.99 20.31 16.54 15.22 7.42 10.41 20.86 11.42 13.59 25.87 13.37 8.51 7.69 3.35 11.21 20.17 7.24 12.59 24.29 7.27 20 8.23 0 5.98 5.64 6.63 6.98 10.24 13.06 21.19 13.36 13.24 13.89 12.42 19.32 20.02 18.65 4.79 22.2 15.57 1 12.23 5.37 19.48 5.74 7.02 6.38 13.64 7.57 10.42 8.17 
16.62 11.6 9.82 16.1 10.99 18.82 16.1 13.32 15.43 13.74 4.31 7.09 7.45 5.66 0.99 10.09 8.36 13.86 7.04 15.83 6.72 3.39 8.03 11.34 13.79 15.14 13.6 12.53 13.04 7.02 14.98 5.48 11.5 22.11 16.36 9.42 13.07 6.88 7.86 15.31 10.97 6.8 20.09 13.09 17.04 7.64 5.98 0 3.54 11.73 12.94 8.8 9.86 16 13.43 14.37 10.79 13.65 15.87 16.14 12.71 8.65 16.29 9.76 5.97 13.97 11.26 14.75 11.64 3.55 5 14.65 5.96 5.19 5.3 
13.8 14.58 13.36 13.48 7.94 21.76 18.25 15.03 12.75 16.23 2.44 10.62 10.85 4.99 4.13 7.37 9.27 13.53 4.82 18.31 6.9 3.07 6.12 8.68 11 18.26 17.14 16.05 11.22 10.55 17.27 7.98 14.94 20.35 18.27 5.9 10.99 4.62 5.65 14.55 8.06 9.59 18.68 11.57 14.71 10.61 5.64 3.54 0 9.53 11.74 5.55 13.4 19.09 16.41 17.03 14.32 10.11 13.85 14.44 14.88 9.86 17.42 10.69 5.04 16.39 10.83 18.07 10.37 1.49 7.98 17.36 2.59 5.21 8.71 
18.19 23.29 20.1 18.61 3.77 30.49 17.86 14.08 17.78 25.44 7.53 17.11 18.75 14.28 11.54 2.73 8.88 22.36 4.78 18.97 7.17 12.6 14.26 1.88 16.08 26.71 23.13 21.79 2.13 17.04 26.61 17.12 20.09 26.84 17.16 7.5 1.5 4.96 13.5 22.94 3.08 18.53 25.93 3.11 20.43 14.64 6.63 11.73 9.53 0 4.13 10.97 19.69 27.58 19.2 18.52 20.51 9.42 20.4 21.55 24.27 9.78 26.91 20.18 6.07 17.21 5.91 26.02 3.29 10.95 13.01 18.97 9.74 14.68 14.8 
22.13 23.93 19.67 22.46 7.85 30.97 14.7 11.02 21.62 26.52 9.37 16.79 19.05 16.73 12.43 6.55 7.14 25.18 7.11 16.09 6.68 14.71 17.28 5.99 19.89 27.05 22.17 20.78 2.41 16.73 27.84 18.39 18.9 30.53 13.81 11.29 3.44 7.3 16.59 26.01 7.15 19.56 29.43 1.25 24.21 13.52 6.98 12.94 11.74 4.13 0 14.48 19.07 27.92 17.09 15.96 19.79 13.54 24.01 25.04 25.63 7.87 29 22.29 7.01 14.51 2.9 26.02 1.38 13.23 12.58 16.43 12.7 16.91 14.56 
8.44 18.09 18.33 8.35 7.68 24.91 23.58 20.19 7.55 18.8 7.08 15.8 15.37 5.97 9.56 8.25 14.2 11.97 7.73 23.77 11.63 6.29 4.08 9.35 5.76 21.87 22.22 21.24 13.07 15.73 19.46 11.46 20.29 16.08 23.49 3.69 12.42 7.58 3.3 12.19 8.22 13.2 14.98 13.85 9.89 16.15 10.24 8.8 5.55 10.97 14.48 0 18.52 22.63 21.96 22.54 19.44 6.17 9.53 10.59 17.04 14.92 17.75 11.56 9.34 21.84 14.57 22.14 13.17 5.28 13.51 22.88 2.96 6.93 14.09 
25.7 7.79 1.06 24.92 20.15 13.11 12.89 12.5 24.38 11.4 13.49 2.79 4.29 13.84 9.34 18.91 12.04 19.25 15.75 11.39 12.66 12.38 16.74 19.95 22.92 9.21 3.74 2.76 20.22 2.87 13.02 8.7 2.71 29.27 13.93 19.22 20.66 15.65 16.87 21.23 19.94 7.7 26.72 19.78 25.42 5.72 13.06 9.86 13.4 19.69 19.07 18.52 0 10 7.29 9.56 0.92 23.48 23.85 23.59 12 11.5 17.76 13.77 13.73 10.34 16.39 7.47 18.17 13.25 6.68 9.53 15.8 12.88 4.98 
27.42 4.56 9.02 26.26 26.95 3.13 22.66 22.5 26 5.21 20.31 11.38 8.89 16.71 16.06 26.09 21.33 17.35 23.01 20.95 21.25 16.65 19.31 27.33 25.07 0.88 9.46 10.32 28.6 11.44 6.1 11.27 11.97 27.68 23.79 24.74 28.81 22.85 19.83 19.42 26.96 9.56 24.78 28.4 25.98 15.45 21.19 16 19.09 27.58 27.92 22.63 10 0 16.73 19.18 9.77 28.61 24.05 23.12 7.23 20.96 12.34 12.69 21.55 20.17 25.52 2.83 26.82 18.2 15.45 19.04 20.72 15.71 13.45 
30.04 15.07 8.34 29.52 20.96 19.71 6.02 7.18 28.86 18.68 15.39 8.08 11.12 18.74 12.53 19.45 10.32 25.59 16.68 4.22 12.3 16.71 21.39 20.12 27.2 16.04 7.57 6.45 18.94 8.1 20.3 14.82 4.8 35.05 7.28 21.44 19.69 16.66 21.28 27.44 20.54 14.31 32.73 18.13 30.4 5.82 13.36 13.43 16.41 19.2 17.09 21.96 7.29 16.73 0 2.47 7.14 25.6 29.1 29.15 19.24 9.44 24.92 20.28 14.32 3.77 14.19 13.96 16.67 16.91 8.48 2.31 19.01 17.97 8.47 
30.81 17.35 10.63 30.4 20.68 22.17 3.55 5.31 29.7 20.95 15.68 9.95 13.14 19.9 13.41 19.11 9.72 27.19 16.58 1.83 12.02 17.74 22.4 19.63 27.99 18.47 10.04 8.92 18 9.96 22.57 16.49 7.22 36.35 4.84 21.62 18.83 16.59 22.21 28.96 20.19 16.17 34.13 17.09 31.41 6.83 13.24 14.37 17.03 18.52 15.96 22.54 9.56 19.18 2.47 0 9.51 25.65 30.22 30.39 21.4 8.81 26.97 22.01 14.23 1.58 13.11 16.42 15.73 17.72 9.39 0.46 19.59 19.22 9.86 
26.58 8 1.48 25.78 21.03 12.85 12.93 12.8 25.26 11.61 14.4 3.71 4.99 14.71 10.25 19.79 12.72 19.94 16.63 11.32 13.45 13.29 17.62 20.81 23.81 9.02 2.81 1.88 21 3.78 13.22 9.49 2.36 30.03 14.03 20.14 21.46 16.53 17.77 21.94 20.82 8.4 27.45 20.53 26.26 6.34 13.89 10.79 14.32 20.51 19.79 19.44 0.92 9.77 7.14 9.51 0 24.4 24.68 24.38 12.35 12.13 18.18 14.44 14.58 10.41 17.08 7.13 18.92 14.18 7.51 9.43 16.72 13.75 5.87 
9.53 24.05 23.47 10.34 5.74 30.99 25.9 22.2 9.56 24.94 10.3 20.69 20.87 12.09 14.15 7.25 16.22 17.46 9.09 26.55 13.7 11.99 10.15 7.55 8.24 27.82 27.22 26.1 11.41 20.62 25.63 17.35 24.86 18.78 25.48 4.27 10.44 9.07 9.41 17.23 6.43 19.08 18.57 12.5 12.33 20.03 12.42 13.65 10.11 9.42 13.54 6.17 23.48 28.61 25.6 25.65 24.4 0 12.95 14.47 23.21 17.09 23.72 17.71 11.42 24.64 14.84 27.92 12.56 10.57 17.59 26.05 7.97 13.02 18.67 
4.69 20.14 23.28 3.28 16.86 25.34 31.89 28.84 3.74 19.06 16.02 21.59 19.78 10.36 16.84 17.67 23.1 7.31 17.19 31.7 20.66 12.49 7.87 18.67 4.71 23.53 27.15 26.56 22.52 21.54 18.92 15.21 26.22 6.58 32.03 12.9 21.8 17.03 8.21 5.8 17.48 16.55 5.65 23.35 2 23.43 19.32 15.87 13.85 20.4 24.01 9.53 23.85 24.05 29.1 30.22 24.68 12.95 0 1.7 16.98 23.7 14.37 11.4 18.53 29.83 24.02 24.7 22.7 12.76 20.83 30.49 11.77 11.16 20.65 
6.38 19.38 22.95 4.98 18.11 24.24 32.23 29.3 5.42 18.04 16.72 21.46 19.42 10.51 17.12 18.82 23.7 6 18.11 31.93 21.33 12.76 8.33 19.88 6.26 22.64 26.76 26.25 23.66 21.41 17.78 14.88 26.04 5.98 32.44 14.11 22.98 17.94 8.81 4.28 18.7 16.1 4.38 24.44 3.48 23.57 20.02 16.14 14.44 21.55 25.04 10.59 23.59 23.12 29.15 30.39 24.38 14.47 1.7 0 15.96 24.25 12.95 10.62 19.29 30.09 24.89 23.93 23.71 13.24 21.03 30.64 12.56 11.19 20.68 
20.63 4.59 10.97 19.38 22.75 8.41 24.49 23.19 19.22 2.08 16.75 11.64 8.35 11.15 13.21 22.25 20.14 10.12 19.49 23.23 19.18 11.93 13.25 23.57 18.48 6.87 13.62 13.8 25.71 11.66 2.43 7.24 14.67 20.46 25.34 19.81 25.67 19.31 13.91 12.2 22.93 6.2 17.57 25.81 18.94 15.72 18.65 12.71 14.88 24.27 25.63 17.04 12 7.23 19.24 21.4 12.35 23.21 16.98 15.96 0 20.07 5.92 5.88 18.68 21.93 23.75 8.61 24.35 13.64 14.51 21.42 15.79 10.3 12.77 
23.36 17.43 12.23 23.2 11.91 24.08 8.84 5.28 22.43 20.51 7.85 9.58 12.38 14.1 7.74 10.33 0.91 22.5 8.01 9.5 3.42 11.74 15.92 10.83 20.64 20.1 14.37 12.97 9.54 9.52 22 13.24 11.07 30.19 8.59 13.28 10.25 8.06 15.5 23.88 11.4 13.89 28.41 8.8 24.53 5.79 4.79 8.65 9.86 9.78 7.87 14.92 11.5 20.96 9.44 8.81 12.13 17.09 23.7 24.25 20.07 0 24.53 18.27 5.78 7.62 5.02 18.77 7.28 11.01 5.66 9.25 12.12 13.79 7.61 
18.75 10.5 16.76 17.36 24.67 12.36 29.9 28.23 17.45 7.37 19.67 17.05 13.83 12.69 17.02 24.54 24.43 7.1 22.24 28.78 23.01 14.36 13.66 25.86 17.26 12.23 19.53 19.68 28.64 17.05 6.25 11.3 20.46 16.16 30.64 21.13 28.39 22.05 14.46 8.68 25 10.98 13.23 28.95 16.35 20.89 22.2 16.29 17.42 26.91 29 17.75 17.76 12.34 24.92 26.97 18.18 23.72 14.37 12.95 5.92 24.53 0 6.74 22 27.36 27.54 14.26 27.64 15.97 19.26 27.02 17.46 12.23 17.77 
14.79 8.77 12.96 13.59 18.06 14.26 24.56 22.42 13.38 7.9 12.95 12.2 9.48 6.04 10.58 17.85 18.07 5.5 15.5 23.74 16.45 7.63 7.58 19.17 12.6 12.14 16.55 16.23 21.9 12.17 8.16 5.52 16.41 15.81 25.12 14.69 21.66 15.31 8.31 7.55 18.35 6.08 13.1 22.22 13.31 15.43 15.57 9.76 10.69 20.18 22.29 11.56 13.77 12.69 20.28 22.01 14.44 17.71 11.4 10.62 5.88 18.27 6.74 0 15.31 22.12 20.93 13.32 20.93 9.24 13.38 22.15 10.86 5.51 12.25 
17.74 17.32 14.08 17.69 6.71 24.49 14.61 11.03 16.89 19.68 2.62 11.09 12.69 9.97 5.59 5.29 4.97 18.55 2.36 15.15 2.36 7.81 11.06 6.23 15.1 20.68 17.27 15.97 7.11 11.01 20.94 11.45 14.39 25.1 14.35 7.51 7.26 2.36 10.5 19.59 6.37 12.72 23.59 7.12 19.15 9.09 1 5.97 5.04 6.07 7.01 9.34 13.73 21.55 14.32 14.23 14.58 11.42 18.53 19.29 18.68 5.78 22 15.31 0 13.23 5.79 19.95 5.69 6.49 7.09 14.64 6.76 10.03 8.79 
30.19 18.05 11.4 29.84 19.53 23.21 2.57 3.74 29.12 21.62 14.87 10.32 13.59 19.59 12.99 17.95 8.53 27.17 15.55 1.94 10.95 17.36 21.97 18.4 27.39 19.43 11.26 10.05 16.6 10.31 23.24 16.6 8.22 36.06 3.62 20.7 17.45 15.57 21.73 28.88 19.02 16.45 33.94 15.66 30.94 6.71 12.23 13.97 16.39 17.21 14.51 21.84 10.34 20.17 3.77 1.58 10.41 24.64 29.83 30.09 21.93 7.62 27.36 22.12 13.23 0 11.68 17.46 14.34 17.19 9.08 2.03 18.91 18.97 9.87 
22.69 21.69 17.05 22.84 9.13 28.6 12.05 8.31 22.02 24.48 8.4 14.24 16.71 15.76 10.6 7.59 4.36 24.34 6.85 13.33 4.58 13.55 16.78 7.51 20.23 24.65 19.38 17.98 4.93 14.18 25.87 16.58 16.09 30.6 11.28 11.87 5.84 7 16.17 25.38 8.47 17.58 29.23 3.98 24.46 10.76 5.37 11.26 10.83 5.91 2.9 14.57 16.39 25.52 14.19 13.11 17.08 14.84 24.02 24.89 23.75 5.02 27.54 20.93 5.79 11.68 0 23.49 2.72 12.28 10.07 13.57 12.33 15.77 12.08 
27.7 4.55 6.59 26.62 25.73 5.75 19.92 19.93 26.29 6.89 18.99 9.25 7.32 16.4 14.65 24.75 19.21 18.42 21.6 18.17 19.39 15.94 19.18 25.93 25.19 2.33 6.63 7.52 26.88 9.31 8.17 10.69 9.23 28.87 21.08 23.88 27.16 21.46 19.61 20.53 25.67 8.96 26.02 26.58 26.56 13.1 19.48 14.75 18.07 26.02 26.02 22.14 7.47 2.83 13.96 16.42 7.13 27.92 24.7 23.93 8.61 18.77 14.26 13.32 19.95 17.46 23.49 0 24.98 17.36 13.44 16.26 19.95 15.37 11.46 
20.93 22.76 18.72 21.22 6.82 29.84 14.77 11.02 20.38 25.28 8 15.8 17.93 15.35 11.18 5.42 6.47 23.8 5.73 16.01 5.59 13.34 15.91 5.05 18.63 25.94 21.38 19.99 2.28 15.74 26.58 17.11 18.17 29.24 13.99 10.06 3.13 5.92 15.22 24.63 6.13 18.32 28.09 1.61 22.94 12.73 5.74 11.64 10.37 3.29 1.38 13.17 18.17 26.82 16.67 15.73 18.92 12.56 22.7 23.71 24.35 7.28 27.64 20.93 5.69 14.34 2.72 24.98 0 11.85 11.59 16.19 11.34 15.54 13.54 
13.13 13.66 13.1 12.68 9.11 20.77 19.16 16.08 11.99 15.07 3.9 10.53 10.31 3.5 4.39 8.69 10.48 12.06 6.28 19.09 8.23 1.71 4.92 10.01 10.3 17.39 16.97 15.97 12.68 10.46 16.05 6.96 15.02 19.19 19.27 6.54 12.42 6.09 4.56 13.14 9.3 8.64 17.41 13.05 13.76 11.1 7.02 3.55 1.49 10.95 13.23 5.28 13.25 18.2 16.91 17.72 14.18 10.57 12.76 13.24 13.64 11.01 15.97 9.24 6.49 17.19 12.28 17.36 11.85 0 8.44 18.02 2.62 3.74 8.84 
21.57 11.78 7.15 21.08 13.67 18.55 11.35 9.05 20.41 14.86 7.3 4.22 6.74 10.53 4.06 12.35 5.91 18.2 9.23 10.9 6.02 8.35 13.02 13.33 18.74 14.58 10.18 8.88 13.58 4.15 16.36 8.01 7.37 27 11.78 13.33 13.98 9.15 12.86 19.84 13.4 8.38 24.85 13.2 22.04 2.66 6.38 5 7.98 13.01 12.58 13.51 6.68 15.45 8.48 9.39 7.51 17.59 20.83 21.03 14.51 5.66 19.26 13.38 7.09 9.08 10.07 13.44 11.59 8.44 0 9.66 10.57 9.89 2 
31.13 17.31 10.59 30.7 21.11 22.01 3.8 5.76 30.01 20.92 16.05 10.04 13.2 20.15 13.7 19.54 10.16 27.36 16.99 1.91 12.44 18.01 22.68 20.07 28.31 18.35 9.83 8.75 18.46 10.05 22.54 16.64 7.11 36.59 5.13 22.01 19.29 17 22.5 29.15 20.62 16.28 34.35 17.55 31.69 7.07 13.64 14.65 17.36 18.97 16.43 22.88 9.53 19.04 2.31 0.46 9.43 26.05 30.49 30.64 21.42 9.25 27.02 22.15 14.64 2.03 13.57 16.26 16.19 18.02 9.66 0 19.93 19.45 10.05 
11.3 16.16 15.68 11.08 7.21 23.21 20.69 17.37 10.31 17.35 4.3 13.04 12.93 4.82 6.66 7.18 11.45 12.62 5.62 20.84 8.94 4.07 4.58 8.46 8.54 19.91 19.52 18.49 11.7 12.97 18.22 9.45 17.46 18.34 20.65 4.06 11.24 5.44 3.89 13.31 7.54 11.16 16.9 12.28 12.43 13.2 7.57 5.96 2.59 9.74 12.7 2.96 15.8 20.72 19.01 19.59 16.72 7.97 11.77 12.56 15.79 12.12 17.46 10.86 6.76 18.91 12.33 19.95 11.34 2.62 10.57 19.93 0 5.51 11.23 
12.86 11.19 12.43 12.04 12.63 17.99 21.19 18.51 11.52 11.94 7.55 10.48 9.09 1.04 6.16 12.36 13.42 8.73 10.02 20.78 11.46 2.22 3.94 13.68 10.13 14.96 16.38 15.63 16.42 10.43 12.73 4.73 15.13 17.13 21.51 9.51 16.16 9.83 4.26 10.12 12.89 6.41 14.97 16.78 12.59 12.39 10.42 5.19 5.21 14.68 16.91 6.93 12.88 15.71 17.97 19.22 13.75 13.02 11.16 11.19 10.3 13.79 12.23 5.51 10.03 18.97 15.77 15.37 15.54 3.74 9.89 19.45 5.51 0 9.51 
21.82 9.82 5.3 21.21 15.17 16.54 12.31 10.48 20.58 12.99 8.55 2.31 4.78 10.29 4.58 13.94 7.9 17.34 10.77 11.54 7.95 8.36 13.01 14.99 18.99 12.58 8.64 7.44 15.48 2.23 14.53 6.74 6.23 26.6 12.93 14.4 15.84 10.67 12.97 19.1 14.96 6.79 24.31 15.14 21.99 3.18 8.17 5.3 8.71 14.8 14.56 14.09 4.98 13.45 8.47 9.86 5.87 18.67 20.65 20.68 12.77 7.61 17.77 12.25 8.79 9.87 12.08 11.46 13.54 8.84 2 10.05 11.23 9.51 0 
19.12 26.94 1.07 20.39 18.31 18.38 27.84 1.63 22.53 15.49 26.33 30.33 14.27 24.33 11.61 15.27 10 13.7 33.39 10.3 17.09 10.05 15.73 2.67 25.94 34.31 35.2 26.43 31.39 24.85 10.07 29.91 13.85 30.78 11.06 17.51 14.61 8.29 14.24 10.03 15.36 13.34 17.2 2.38 23.42 22.9 9.55 19.23 21.78 29.62 6.84 30.56 18.14 33.24 15.74 18.03 13.34 5.19 3.91 22.78 22.96 16.91 17.73 22.55 38.46 22.04 22.88 11.11 17.45 16.33 30.8 10.15 18.16 18.4 4.71 28.48 25.74 9.06 24.52 17.4 16.82 3.2 11.95 4.92 2.8 12.7 8.07 16.49 22.84 15.76 25.96 14.29 16.79 17.59 8.49 21.24 10.99 4.26 5 5.82 18.22 9.34 4 8.31 13.16 13.13 28.14 29.33 18.79 12.93 9.93 10.33 26.3 3.94 31.96 32.48 24.12 15.81 11.44 9.58 19.8 15.47 31.61 16.65 4.7 5.59 15.08 13.9 8.71 23.4 21.51 19.56 2.64 12.14 11.85 4.93 23.32 20.53 13.36 5.41 30.74 17.65 5.9 12.03 23.84 9.35 11.03 35.51 19.12 8.19 15.98 13.59 19.37 6.42 8.75 2.47 2.3 16.04 12.16 22.16 16.42 10.15 11.83 12.48 9.47 6.31 16.51 25.53 24.82 6.62 4.46 3.11 19.22 3.87 9.69 4.38 4.74 37.84 19.35 10.12 26.02 9.21 21.35 19.3 27.44 9.82 28.5 23.67 34.56 5.49 10.22 7.35 12.99 28.1 28.24 26.13 0.61 11.01 7.03 12.91 2.22 28.38 19.54 15.16 11.2 16.27 18.96 15.5 9.47 11.89 18.89 4.15 11.73 11.12 5.67 8.1 19.12 12.04 4.95 16.82 16.5 36.3 34.16 0.71 31.55 8.6 11.82 12.71 11.59 15.29 8.89 18.28 10.27 8.23 39.33 15.82 8.44 6.03 8.75 3.04 31.8 36.42 32.94 27.74 28.52 17.95 13.71 30.05 9.32 21.98 9.99 28.19 8.6 4.78 8.32 18.55 11.31 4.85 19.09 2.73 12.59 21.5 9.42 12.62 10.64 31.13 11.04 32 35.71 35.35 16.25 37.69 11.03 2.74 3.28 13.94 19.06 24.19 14.71 19.61 36.6 11.53 32.59 25.94 12.76 23.8 22.8 11.74 9.33 31.51 25.77 20.76 15.62 15.52 20.75 6.57 11.72 18.25 7.02 6.48 1.85 10.47 23.98 2.64 15.94 8.59 12.25 15.35 2.7 10.88 19.17 33.31 29.27 4.81 11.55 31.42 20.14 26.68 22.2 24.16 3.03 4.18 6.14 14.64 12.8 0.93 14.17 18.03 8.75 16.71 16.08 4.85 6.27 5.73 4.39 4.48 10.46 10.82 19.67 27.19 15.01 23.89 8.42 18.84 9.68 12.64 17.46 17.04 19.72 6.56 26.83 8.14 23.26 4.47 6.54 10.94 12.13 6.93 17.29 12.36 21.12 14.5 30.91 5.67 14.53 10.72 16.58 17.13 9.54 22.27 26.16 20.81 22.81 12.62 35.47 17.17 13.8 33.98 36.69 4.96 9.36 9.75 41.1 12.73 6.87 20.69 12.27 30.66 30.06 15.89 30.73 22.95 28.45 27.76 26.17 15.76 21.73 22.96 40.18 11.18 30.42 27.86 27.71 28.7 16.8 22.54 18.33 2.72 16.67 32.15 7.87 34.42 26.67 12.59 4.6 34.07 6.95 19.93 25.19 12.8 33.82 7.5 16.1 29.53 21.35 12.48 18.49 23.3 21.13 3.5 45.17 28.39 20.08 12.31 15.47 27.89 12.94 11.75 14.16 19.92 14.27 1.99 11.62 19.14 29.72 15.55 41.35 27.89 16.94 11.18 20.63 13.26 29.96 13.85 5.5 49.13 1.89 18.34 15.41 14.17 33.67 32.86 18.18 11.97 52.87 15.77 40.9 11.23 20.09 8.5 24.3 25.79 12.69 12.18 7.94 24.02 6.57 2.06 9.24 18.29 46.3 33.5 18.45 7.44 28.61 23.51 12.05 2.24 16.4 26.32 8.41 26.32 14.82 5.1 18.27 31.42 7.21 24.22 17.34 17.84 6.39 14.64 22.55 10.04 9.22 3.59 36.9 13.71 4.54 11.41 12.47 31.01 15.71 35.3 10.99 11.47 12.49 7.9 10.49 26.24 19.46 7.73 32.26 2.8 27.08 7.32 12.39 15.23 19.31 22.69 10.21 24.76 8.87 24.77 5.37 9.24 17.19 16.27 20.14 12.31 28.53 12.38 29.94 6.07 6.78 11.64 18.77 36.06 32.26 17.39 3.58 34.92 25.95 12.76 5.21 5.85 18.27 8.94 18.01 8.22 7.59 14.83 25.78 9.96 24.66 20.97 24.04 28.64 6.62 22.97 8.53 21.55 9.65 16.49 23.63 10.9 13.1 9.34 10.2 1.78 19.05 28.46 15.82 25.68 29.9 28.48 15.98 23.74 11.01 29.44 10.29 19.12 9.05 7.84 11.75 15.56 26.44 5.91 21.09 3.79 19.16 26.25 15.56 10.96 21.67 12.48 6.41 22.15 19.24 38.57 37.35 34.2 7.82 1.91 2.98 11.56 27.86 24.48 16.27 14.61 38.24 25.65 16.33 10.75 13.34 24.92 25.41 6.5 10.32 16.88 11.5 17.16 5.09 9.14 7.15 33.44 11.46 11.52 18.6 14.22 22.3 10.69 8.6 28.83 14.44 4.08 12.63 13.59 19.73 11.94 1.7 4.68 11.26 26.57 13.82 32.04 25.22 24.92 19.47 10.64 24.24 5.6 13.06 23.49 24.96 16.16 25.47 11.91 11.57 29.72 19.11 18.34 6.21 3.37 17.62 15.32 15.22 26.61 17.11 18.79 2.74 28.45 7.33 11.33 13.74 26.6 20.57 9.78 17.05 19.66 15.78 20.48 16.62 11.4 16.52 12.61 14.76 6.21 4.97 5.21 6.94 11.56 1.71 12.13 3.99 7.61 10.57 6.26 13.26 16.33 11 23 8.56 12.06 19.85 13.71 7.5 23.44 17.2 7.92 12.49 3.32 11.4 23.72 9.53 12.44 23.85 4.81 17.78 10.33 4.2 3.08 2.68 4.46 13.12 7.96 18.8 23.8 13.17 15.06 11.27 12.84 18.76 10.62 18.25 11.28 13.42 12.83 3.34 12.43 10.33 12.59 5.66 5.59 7.25 9.21 2.36 5.06 12.32 1.78 14.68 7.27 23.09 10.09 24.15 16.29 16.13 9.62 9.67 20.34 10.93 15.53 9.99 5.83 5.03 9.14 0.05 12.67 6.2 4.98 13.96 18.47 15.5 9.14 8.81 7.93 16.26 10.02 6.13 35.78 15.15 31.67 4.91 9.51 6.07 10.46 9.88 11.37 21.19 3.99 11.27 9.99 9.43 2.3 29.72 18.97 17.7 17 12.06 15.03 15.02 12.32 12.88 11.52 11.51 21.1 9.61 3.94 5.94 12.95 9.17 1.83 6.11 4.78 24.16 10.9 19.54 19.03 14.64 16.71 5.57 17.67 22.82 21.86 5.39 9.99 4.41 15.98 4.35 13.42 3.25 5.94 15.69 18.08 16.87 18.79 9.75 15.53 25.24 25.04 4.69 19.77 17.08 12.45 9.87 6.36 8.81 9.7 19.12 23.85 20.82 5.37 8.85 10.86 13.63 5.84 24.48 25.45 28.66 6.6 16.23 8.24 5.01 13.31 8.08 22.97 5.99 17.54 13.77 3.47 13.14 14.7 7.37 3.9 7.55 13.71 16.59 5.13 12.26 30.38 8.58 3.4 2.86 11.26 7.26 16.78 21.93 14.57 21.25 14.07 18.02 8.2 20.19 17.37 14.78 9.86 17.81 9.44 3.88 6.32 9.11 10.29 7.54 17.18 11.88 11.4 13.65 7.76 4.75 14.7 13.96 8.06 9.87 18.31 11.84 22.73 12.02 10.13 12.83 13.67 16.54 7.61 14 4.9 10.81 21.92 9.51 20.77 11.13 4.76 12.53 23.61 4.61 1.33 6.76 13.82 4.53 9.16 3.73 8.65 4.36 6.33 5.53 12.49 10 13.9 7.64 7.06 17.4 7.11 12.39 5.87 5.75 23.21 18.46 5.52 15.62 4.6 11.33 18.26 15.18 10.19 27.44 16.31 9.83 8.19 8.11 0.9 2.9 13.05 18.36 6.13 11.26 15.87 10.24 8.07 9.11 15.49 10.32 20.18 16.63 8.46 22.07 10.13 4.66 12.44 5.54 11.24 6.66 4.86 4.81 11.82 3.84 3.96 2.59 11.47 11.1 2.25 11.92 6.84 9.62 11.39 1.69 12.09 14.74 28.92 24.47 6.08 17.43 32.83 15.15 27.24 19.1 10.67 2.66 3.23 4.15 13.25 29.74 1.14 10.84 30.2 7.21 20.49 18.98 5.86 5.11 5.11 1.54 4.96 8.97 24.58 36.38 24.09 11.31 24.12 3.9 26.02 15.71 21.77 5.17 20.26 8.94 6.29 13.89 6.22 22.65 7.95 10.22 13.81 18.3 10.69 16.07 8.94 21.65 8.35 11.45 2.09 13.02 14.51 5.99 17.49 10.89 18.49 9.92 12.88 5.62 20.89 16.49 13.94 17.07 11.17 11.11 11.94 10.17 15.92 12.04 6 16.96 16.2 11.67 35.1 8.51 2.83 8.29 9.38 11.52 4 13 13.77 21.77 7.18 12.08 13.7 16.62 12.45 24.74 15.56 0.78 22.75 25.36 2.78 5.03 3.52 9.61 5.61 15.7 5.91 8.28 12.55 10.69 9.14 26.46 17.29 11.04 8.73 5.29 16.73 7.05 8.53 27.66 30.87 27.83 20.65 6.33 9.34 25.21 5.41 28.86 10.81 14.39 9.57 10.5 2.59 11.76 14.38 8.18 32.58 9.67 29.97 18.8 15.98 20.2 16.44 27 15.89 19.09 23.89 18.15 24.01 21.91 11.58 8.14 3.48 10.59 25.21 7.37 6.9 18.6 25.98 14.69 24.14 34.89 7.33 22.82 36.29 9.92 12.39 14.6 13.94 3.73 11.35 8.51 4.34 8.64 30.05 12.58 17.71 3.59 6.95 23.99 8.08 16.69 28.62 16.29 5.71 4.67 0.14 7.7 14.23 4.88 15.83 13.14 8.16 10.42 5.73 2.73 10.49 4.31 3.56 4.01 7.94 17.06 32.35 11.15 23.23 18.09 5.12 18.31 24.87 12.78 7.07 27.84 15.4 3.23 12.34 5.95 18.1 4.51 5 12.96 23.27 4.07 8.81 11.05 18.39 12.13 25.66 10.97 25.01 22.82 13.35 15.77 21.83 7.47 32.68 23.5 5.52 44.02 4.9 15.54 15.98 20.59 12.26 33.67 26.89 11.65 21.33 21.64 43.7 9.93 21.02 13.92 11.27 24.11 23.25 13 6.58 15.39 2.86 1.13 11.89 31.75 32.25 42.5 23.26 7.07 20.7 23.93 21.14 1.36 18.57 25.18 18.97 10.03 11.45 2.05 29.64 16.83 14.77 10.52 19.5 11.36 9.57 16.13 24.01 13.07 4.81 12.86 15.18 6.63 15.04 19.66 14.58 12.96 10.38 6.34 8.01 25.24 4.32 8.2 25.8 7.57 12.8 3.96 1.04 4.04 4 7.92 5.21 15.29 12.77 21.36 9.62 7.49 16.36 16.42 10.99 25.09 14.22 2.74 32.35 20.33 2.09 11.38 4.52 23.18 7.78 10.88 4.87 15.25 11.02 16.73 9.64 4.88 6.47 10.52 21.25 12.9 10.73 8.94 12.08 16.15 7.8 12.38 21.26 24.21 9.83 9.22 5.56 5.58 6.73 14.03 5.19 24.02 10.21 17.1 16.4 8.63 4.13 4.45 8.89 9.57 5.18 16.19 21.09 16.99 23 15.01 15.47 12.93 6.94 6.78 14.16 10.14 5.86 9.35 17.38 17.5 12.22 16.27 0.99 4.87 24.56 5.3 2.8 10.85 12.3 3.3 25.65 12.12 23.29 24.24 14.58 11.45 6.68 27.91 13.3 19.58 10.38 12.99 14.18 0.56 6 16.13 5.6 12.78 10.62 9.07 20.79 15.69 4.88 8.86 15.93 23.87 3.93 16.84 20.61 31.61 11.47 10.06 7.8 8.21 10.29 9.15 15.5 17 8.06 8.6 32.21 12.77 15.65 22.92 5.15 8.88 28.17 4.32 2.54 6.85 17.18 20.68 13.3 30.78 3.84 24.02 21.79 19.75 13.18 25.15 13.45 6.49 2.26 2.46 15.71 23.69 0.92 14.3 30.03 7.31 21.84 7.82 4.42 8.02 10.19 1.6 5.97 13.09 16.21 20.18 28.06 23.42 23.94 3.91 12.3 19.26 13.39 6.74 19.66 21.26 7.41 26.01 9.75 23.01 7.22 11.46 14.83 19.9 5.69 14.21 15.31 28.51 28.48 38.34 12.46 20.06 30.78 20.95 14.78 8.06 14.64 5.87 20.5 19.65 3.88 6.78 13.8 18.2 6.64 22.59 6.03 15.26 14.37 11.8 15.04 14.76 19.84 3.13 19.16 35.57 38.14 32.91 24.24 5.17 5.9 6.4 25.63 29.69 22.31 12.77 9.86 30.76 18.48 30.33 16.3 13.91 25.08 38.32 5.99 13.51 17.46 5.6 7.06 30.38 5.94 8.74 10.49 9.74 34.91 32.8 14.52 16.74 18.92 27.65 27.13 16.23 6 22.15 27.5 35.59 9.27 20.49 7.62 26.11 30.73 33.48 19.16 11.68 1.24 15.08 19.32 6.01 17.4 24.18 29.46 5.79 29.51 9.96 9.41 18.23 12.11 23.86 2.47 32.3 25.44 8.7 17.32 28.36 12.68 18.3 1.79 16.6 6.95 17.83 11.54 3.6 26.4 18.02 24.42 28.73 10.07 29.97 24.95 14.91 15.9 27.51 25.44 30.09 12.19 17.67 10.3 10.56 20.52 19.03 29.51 2.13 10.65 6.58 7.71 2.28 19.62 39.96 39.84 9.51 8.46 22.88 22.53 16.17 11.45 20.63 5.46 12.74 14.26 14.46 10.99 24.57 12.14 12 14.6 7.11 9.75 9.45 1.04 38.87 19.44 27.87 23.77 23.17 24.84 23.96 13.25 10.82 22.92 27.32 39.03 8.82 11.93 7.23 8.24 31.3 28.12 25.94 2.87 14.77 6.65 7.17 2.33 27.91 29.43 25.38 13.35 8.55 20.84 19.83 18.23 13.48 19.51 6.8 27.1 9.68 7.08 11.01 11.51 14.67 7.53 11.36 34.51 10.91 13.79 24.85 11.98 14.14 0.98 4.05 16.99 29.09 6.52 21.93 23.77 1.29 18.48 10.69 4.01 9.76 9.53 1.83 2.86 14.82 24.8 26.39 16.74 22.39 23.9 15.55 12.35 17.27 22.79 8.65 22.5 14.54 5.78 14.65 4.31 38.52 3.08 8.6 11.93 14.03 13.93 21.75 13.78 11.13 4.07 5.65 37.82 8.8 13.73 15.6 9.42 17.76 13.59 17.39 4.78 34.99 20.86 13.06 2.39 12.57 9.73 9.16 22.27 12.96 19.34 2.93 14.03 9.96 7.12 5.07 15.91 14.62 21.26 11.09 7.75 23.24 8.35 16.16 10.55 13.19 12.27 13.43 14.11 3.43 8.64 17.62 6.69 1.83 13.4 9.57 30.29 17.25 21.95 23.31 12.02 12.4 20.29 28.9 5.18 23.91 17.74 21.72 11.44 18.46 19.94 16.93 15.08 32.47 15.57 14.06 8.85 14.17 24.34 12.52 28.44 10.04 9.96 1.55 14.11 4.31 5.48 15.69 27.58 21.21 5.47 16.12 12.69 15.67 12.9 11.17 17.7 20.69 13.5 14.4 18.26 11.33 25.36 11.04 5.35 16.23 18.76 1.89 21.41 9.93 23.76 7.58 6.69 2.77 9.2 17.77 25.76 8.31 12.23 8.07 10.04 16.59 8.66 25.96 11.76 17.94 7.82 17.29 15.2 6.19 11.81 12.55 24.26 5.44 13.35 5.04 6.79 20.52 5.01 5.02 8.3 16.8 13.09 29.34 17.76 23.13 28.29 29.45 21.89 11.81 15.51 14.96 29.17 5.35 9.43 15.05 11.39 16.91 19.54 11.94 2.2 14.99 5.86 8.23 1.53 33.65 18.95 24.12 11.29 11.59 22.58 17.12 15.86 10.41 23.37 5.05 26.79 20.55 6.88 10.05 21.64 9.9 9.08 23.79 19.5 28.67 35.21 19.85 4.32 16.79 21.11 3.91 18.28 7.9 40.6 33.18 30.19 27.2 23.22 15.52 21.06 36.57 17.17 20.87 29.33 25.12 23.39 8.23 3.18 21.64 40.06 20.26 17.2 36.99 39.9 16.68 21.49 26.04 24.65 38.54 47.55 20.71 16.15 23.94 23.34 15.72 9.9 26.59 31.66 17.88 27.03 35.12 13.77 28.51 12.78 10.36 14 15.11 13.28 15.93 13.96 8.64 24.46 6.83 5.98 18.43 22.73 40.97 31.01 22.26 4.74 25.96 21.78 13.73 5.36 13.16 21.19 10.58 28.73 12.63 7.41 22.08 19.69 16.64 4.74 7.46 6.07 18.06 5.78 20.13 15.32 14.47 9.5 11.16 7.57 10.82 4.82 10.4 8.24 3.93 16.16 18.68 27.24 30.63 29.82 2.24 8.08 7.06 14.7 8.35 24.51 15.89 8.07 25.78 7.77 23.22 6.13 6.13 8.23 16.28 2.12 8.76 10.12 3.44 7.84 35.78 5.51 21.18 40.15 3.12 22.59 10 8.43 10.4 10.12 2.16 3.09 8.3 19.09 22.17 21.69 17.64 25.91 6.02 16.97 32.43 32.29 10.39 31.03 20.45 8.66 19.87 3.85 19 3.71 9.4 14.45 10.56 11.36 22.18 20.93 5.45 13.63 5.47 12.55 17.31 10.35 12.73 15.66 2.44 9.72 6.21 6.98 4.25 5.58 23.31 21.49 17.16 14.79 14.95 12.98 24.97 15.35 26.86 9.51 27.57 8.68 1.54 13.06 7.73 31.68 7.39 6.17 5.81 20.76 3.69 9.92 10.36 13.5 6.46 7.39 7.09 10.26 10.05 22.93 10.8 10.63 7.07 19.52 17.67 4.03 10.79 11.3 21.89 29.6 18.72 10.29 5.42 5.64 18.7 15.65 11.37 4.29 14.47 14.73 12.45 28.04 16.97 2.55 14.88 16.67 3.18 4.63 18.76 12.87 18.7 3.57 25.15 8.95 17.6 13.69 14.99 20.57 16.37 24.91 8 18.1 22.96 24.92 15.02 15.24 25 6.49 3.18 18.13 22.47 8.25 5.31 15.12 38.26 32.26 12.49 22.16 9.62 26.29 37.31 12.55 10.97 13.69 18.28 17.37 3.39 9.14 11.34 8.21 12.29 4.36 2.7 8.18 10.97 12.67 24.6 10.73 22.04 25.81 4.02 21.62 11.59 22.13 7.37 29.06 10.12 8.53 20.94 7.47 29.16 4.09 12.84 8.17 11.71 7.73 13.34 18.64 27.54 27.1 14.5 5.44 17.03 5.22 6.81 26.62 11.07 10.35 11.01 13.52 12.68 15.25 4.9 21.43 9.85 21.86 8.14 14.14 5.92 8.89 11.58 19.18 23.47 7.84 10.73 10.14 5.88 22.66 15.28 7.94 6.24 31.51 7.25 36.16 34.17 11.75 12.84 37.79 42.22 20.43 30.93 28.76 31.18 44.44 34.81 18.54 3.1 5.53 16.11 35.62 7.05 10.94 19.14 24.78 33.23 31.37 34.67 11.77 21.27 39.04 15.91 12.5 21.87 25.45 16.89 4.55 10.15 16.66 2.59 1.79 13.79 17.51 19.46 19.09 15.57 18.24 10.36 28.39 16.23 33.89 10.29 37.25 28.34 8.24 16.91 4.19 22.52 2.29 15.18 8.67 15.77 13.29 19.35 9.66 20.19 24.58 15.86 16.46 29.69 30.98 6.61 27.93 20.97 41.27 34.55 23.17 10.85 1.55 3.19 11.93 15.23 10.56 17.1 19.78 31.3 15.33 39.59 25.57 17.52 17.14 22.51 14.39 15.09 12.14 7.44 5.74 6.46 13.31 11.33 15.68 5.34 8.52 7.11 4.62 5.86 25.85 23.18 22.15 23.25 3.09 14.25 9.15 5.47 6 10.49 11.89 18.92 10.42 3.51 9.84 9.53 12.87 2.27 4.3 3.53 9.07 4.16 7.97 9.15 21.41 11.54 11.22 16.84 14.94 19.71 17.96 16.89 3.33 32.01 15.82 0.83 15.12 4.16 18.69 7.39 8.39 9.27 11.28 7.13 13.45 10.97 3.06 11.72 18.92 4.51 13.63 8.79 11.43 16.21 8.87 14 14.57 23.76 11.62 6.77 11.1 10.61 5.91 11.26 12.14 15.42 16.33 1.93 7.28 19.72 6.45 4.46 6.26 13.65 14.17 6.24 18.51 15.92 16.54 24.04 11.58 9.53 9.55 12.1 12.27 8.88 25.9 10.86 2.6 10.24 9.07 11.53 9.68 1.41 5.43 20.53 3.76 4.62 7.75 3.08 13.87 20.59 22.48 19.23 18.29 23.06 9.09 26.05 30.33 13.83 7.86 20.63 27 8.15 11.71 5.09 15.9 2.68 9.59 7.85 22.57 7.65 11.49 18.85 20.37 11.96 33.54 18.67 21.16 11 10.42 25.36 30.89 26.26 4.03 25.9 27.85 8.72 7.47 3.32 27.72 1.14 9.66 17.24 13.29 7 15.15 21.66 19.11 28.76 13.03 27.5 16.02 5.66 13.5 7.23 17.87 9.73 22.69 12.62 6.63 24.87 12.12 13.1 18.92 4.92 13.85 27.83 3.26 6.95 10.91 9.69 4.03 13.15 0.7 24.17 35.35 21.37 16.54 12.5 25.05 16.09 10.18 8.23 13.16 11.07 16.44 18.02 8.73 9.98 18.02 15.94 5.54 20.47 26.24 9.5 41.37 22.13 16.4 8.34 24.71 13.74 14.7 32.26 11.45 38.2 3.92 28.18 20.33 19.22 12.7 10.94 8.92 12.22 2.28 5.46 25.9 41.97 26.64 25.01 10.64 33.33 10.47 15.55 2.05 12.76 16.33 21.94 22.54 5.41 3.27 26.34 11.06 6.69 5.55 24.92 39.48 29.28 12.28 10.93 26.25 19.89 11.44 1.86 10.84 22.85 19.61 18.71 7.84 0.58 11.93 19.14 9.45 13.4 15.67 16.91 6.36 9.13 9.59 17.95 9.77 12.87 8.6 7.81 19.8 10.57 11 10.73 24.52 14.46 4.73 11.73 11.73 16.78 22.73 21.63 17.89 11.63 32.28 16.37 32.33 11.37 6.94 25.37 19.45 9.62 15.94 11.53 1.76 14.81 29.21 12.54 6.04 25.3 24.47 23.11 15 27.04 9.19 25.79 37.97 6.31 11.83 17.61 14.2 25.21 16.66 11.61 27.77 20.7 30.34 20.02 32.36 11.02 25.73 34.73 11.81 14.97 10.61 18.36 3.62 4.97 10.75 18.05 35.24 10.12 17.58 15.96 13.52 18.01 12.07 10.49 17.12 16.99 14.9 8.03 7.38 3.47 22.78 4.31 10.32 4.54 5.34 8.34 18.48 7.67 6.57 23.39 40.66 40.34 17.54 31.54 20.09 14.65 36.41 21.2 7.4 23.42 16.26 30.95 24.17 12.09 10.75 6.67 12.69 28.72 11.41 7.27 16.03 13.46 6.68 15.56 4.7 8.18 10.54 8.64 9.94 8.97 9.45 8.48 14.51 8.81 10.36 12.29 3.01 22.8 15.93 6.56 34.45 2.56 14.66 8.38 12.37 13.61 21.82 13.19 19.17 10.83 16.72 15.49 13.35 13.12 7.41 6.21 10.74 23.68 6.27 15.14 8.63 12.27 21.5 2.92 3.45 11.6 13.15 11.72 12.79 2.54 16.81 25.17 11.44 3.85 10.9 10.93 
2.77 2.2 1.55 2.26 2.04 1.48 2.7 2.82 2.39 2.78 1.2 2.91 1.06 2.09 1.22 1.17 1.35 2.45 2.79 2.12 2.58 1.53 1.59 2.34 2.1 2.54 1.15 2.48 2.94 2.95 2.04 2.83 1.17 1.39 1.17 2.92 1.01 1.82 1 2.64 1.87 1.41 2.15 1.32 2.86 2.79 1.97 2.31 1.24 1.38 2.75 1.42 2.57 2.67 1.93 1.32 2.67 1.48 1.66 1.37 1.04 2.8 2.43 1.32 2.58 2.11 2.34 2.7 2.55 2.02 2.17 2.38 1.39 2.27 1.98 2.95 1.63 1.48 1.81 2.05 2.07 2.78 1.86 2.4 2 1.2 2.62 2.17 3 2.68 2.48 2.88 2.86 2.91 1.38 1.27 2.62 2.08 2.06 2.49 2.02 2.93 1.03 1.63 2.25 1 1.42 2.42 2.65 2.62 1.39 1.98 2.93 2.05 2.63 1.43 1.7 1.39 2.07 2.07 1.99 1.17 1.93 1.1 1.05 1.41 1.03 1.66 1.81 2.26 2.25 2.13 1.94 2.26 1.41 1.22 2.79 2.32 2.15 1.17 1.97 1.7 2.35 2.39 1.84 1.64 2.5 1.84 1.66 2.57 1.64 1.2 1.35 1.14 1.2 1.11 1.28 1.24 2.46 2.5 1.66 2.59 1.91 2.35 1.65 2.78 2.21 2.73 2.21 1.76 2.98 1.87 2.79 1.3 1.31 2.85 1.82 2.9 1.96 1.87 2.78 2.89 1.67 2.83 1.92 1.72 2.52 2.97 2.27 2.47 1.77 2.68 2.83 1.86 1.06 1.04 1.6 2.29 1.31 2.98 2.84 1.97 1.61 2.15 1.35 2.89 1.76 1.7 2.96 2.21 2.49 2.93 2.9 1.74 1.5 1.07 1.45 1.01 1.11 1.7 1.61 2.07 2.09 2.15 2.7 2.06 2.63 1.05 1.22 1.49 1.49 1.56 2.03 2.67 2.74 2.46 2.73 1 2.44 2.49 2.29 2.95 2.6 1.29 1.08 1.28 1.46 1.19 2.8 2.24 1.21 1.45 2.04 2.04 1.49 1.85 1.95 1.94 2.6 2.12 2.93 2.22 2.6 1.23 1.99 2.42 2.17 2.43 1.09 1.08 2.88 1.63 1.8 1.51 1.72 2.29 1.15 2.85 1 1.36 1.7 1.45 2.12 1.3 1.21 1.42 1.11 1.74 2.02 1.54 2.01 1.16 2.1 1.2 1.58 1.7 2.05 2.91 2.58 2.62 1.72 1.74 1.7 2.58 2.6 1.3 2.34 2.31 2.05 2.7 2.37 2.79 2.96 1.81 1.94 1.27 1.8 2.23 1.04 2.82 1.52 1.61 2.76 1.94 1.19 2.17 2.24 1.67 2.5 2.71 1.67 2.62 2.66 2.44 2.51 1.72 2.72 2.69 1.97 2.56 1.65 2 1.04 1.7 2.42 1.48 2.02 2.46 1.41 1.46 2.39 2.98 2 2.13 1.86 1.28 1.59 1.91 1.44 2.79 2.61 1.49 2.23 1.02 1.1 1.68 1.94 2.62 1.15 1.01 1.08 1.47 2.95 1.08 1.26 1.2 2.84 1.58 2.49 2.99 2.76 1.11 1.23 1.15 1.92 1.95 1.32 1.02 1.75 2.21 1.02 1.77 2.73 1.93 1.97 1.37 1.25 3 1.5 1.63 1.99 2.8 1.16 2.33 1.8 1.22 2.43 1.57 1.96 2.21 2.68 1.83 1.5 2.2 2.75 1.36 2.94 2.97 2.13 2.06 1.06 1.74 1.85 2.3 2.09 1.6 1.61 2.27 2.28 2.9 1.96 2.23 2.28 1.27 2.65 1.44 1.16 2.69 2.88 2.01 2.63 2.55 2.76 1.08 2.32 2.77 1 2.5 1.5 2.07 2.21 2.09 1.93 2.4 1.81 1.15 1.03 1.14 2.92 1.25 2.35 2.89 2.78 2.86 2.01 2.93 1.07 2.15 2.96 2.69 2 2.71 2.66 2.79 1.92 1.94 2.92 1.82 1.06 2.51 1.16 1.09 2.56 2.02 1.83 2.83 1.72 1.97 2.84 2.25 2.56 2.93 2.6 1.5 2.6 1.04 2.28 1.13 2.91 2.74 2.03 1.5 2.13 2.81 2.77 1.95 2.49 2.35 1.85 1.3 1.07 2.38 2.55 3 1.17 1.67 1.12 2.83 1.43 1.47 1.74 1.52 2.31 2.82 1.16 2.19 1.05 1.13 1.11 2.22 1.59 2.6 2.4 2.41 2.62 2.59 2.84 2.19 1.66 1.37 2.9 2.34 2.12 2.08 1.12 1.66 1.06 1.81 1.25 1.21 1.8 1.34 1.12 2.57 2.94 1.53 1.29 1.52 2.74 2.6 1.57 1.62 1.62 2.04 2.91 1.67 1.85 1.2 1.59 2.74 1.6 1.22 2.67 2.85 2.36 2.48 1.43 1.94 2.15 2.35 2.67 1.7 2.72 2.25 1.24 2.12 2.05 2.67 1.14 1 1.26 1.88 1.69 1.71 2.51 2.32 1.53 2.56 1.16 2.9 2.86 1.62 1.6 2.8 2.87 1.91 2.84 1.55 1.06 1.71 1.44 1.99 2.7 1.03 1 1.93 1.36 1.69 2.53 2.82 1.87 1.12 1.23 2.52 2.47 1.89 2.7 1.82 1.16 1.29 2.92 2.8 1.45 2.04 1.94 2.32 2.13 1.47 1.65 2.28 2.52 1.88 2.96 2.71 1.85 3 2.49 1.1 1.84 1.98 1.99 1.46 1.61 1.37 2.22 2.84 1.98 2.57 1.69 1.91 1.67 1.15 2.43 1.11 1.08 2.14 1.75 2.77 2.15 2.58 1.99 2.58 1.4 2.34 1.59 1.21 1.47 2.37 2.1 1.47 1.88 2.64 1.2 1.26 1.53 2.33 2.88 2.38 1.28 1.08 1.98 2.84 2.05 2.46 2.1 1.12 2.67 1.02 1.3 2.28 1.55 1.23 1.86 1.41 2.18 1.97 1.37 1.36 2.06 2.83 1.68 1.64 1.85 2.3 1.93 1.76 1.83 1.44 2.82 1.54 2.42 1.82 1.03 1.9 2.18 2.38 1.26 2.98 1.88 2.82 1.84 1.9 2.04 2.5 2.46 2.77 2.39 2.69 1.26 1.99 2.95 1.26 2.03 1.4 1.01 2.53 2.85 1.5 1.71 1.3 2.6 1.78 2.42 2.21 1.32 1.54 2.99 1.21 2.27 1.85 1.58 2.73 1.58 1.68 2.3 2.31 1.83 1.57 2.66 1.31 1.31 2.94 2.64 1.35 1.05 1.48 1.67 2.07 1.67 2.12 1.26 1.35 1.82 1.56 1.29 2.57 2.33 2.99 2.36 2.23 2.52 1.95 1.52 2.81 1.73 2.74 1.97 1.68 1.06 1.72 2.46 1.8 2.41 2.98 2.48 1.85 1.61 1.45 1.1 2.48 1.22 2.12 1.71 2.12 1.1 2.35 2.17 2.39 2.53 2.55 1.29 1.7 2.32 2.53 2.54 2.24 2.6 1.12 1.68 2.72 2.32 2.22 2.38 2.99 2.59 1.96 2.92 2.57 1.49 2.15 1.65 2.44 1.16 1.14 1.17 1.1 2.11 2.54 3 1.94 1.39 1.66 1.59 2.89 1.04 1.74 2.39 1.11 1.32 1.94 1.18 2.32 2.69 2.97 1.91 2.83 2.83 2.68 1.38 2.25 1.61 1.16 2.54 1.57 2.27 1.74 2.84 2.85 1.33 1.61 2.86 2.68 1.44 2.51 2.27 1.98 1.01 2.77 1.87 2.66 2.19 1.21 1.11 2.53 2.27 3 1.6 2.1 1.02 1.05 2.29 2.68 1.82 1.24 2.11 2.55 2.21 1.44 2.94 2.83 2.51 2.01 1.81 1 2.16 2.56 1.23 2.37 1.64 1.82 2.79 2.92 2.43 2.02 1.1 2.42 2.15 2.17 1.06 2.76 2.32 1.8 1.02 2.54 2.98 2.1 1.59 2.9 1.75 2.91 2.52 1.54 2.16 1.25 2.94 2.27 1.98 2.04 1.38 2.21 1.28 2.17 1.97 1.07 2.21 2.5 1.9 1.91 2.45 1.48 2.81 1.73 2.54 2.84 1.99 1.7 2.92 2.44 1.34 1.39 2.61 1.62 1.84 2.6 1.88 1.64 2.17 2.85 2.4 2.27 2.6 2.8 1.26 1.92 1.13 1.27 2.83 1.64 1.05 2.09 2.28 2.89 2.32 2.84 2.78 2.9 2.67 2.82 2.52 1.9 2.63 1.56 1.55 2.24 2.06 2.4 2.37 2.76 2.63 2.17 1.92 1.63 1.85 2.43 1.9 2.3 1.12 2.59 2.5 1.55 1.32 2.95 1.72 1.31 2.23 2.95 2.94 1.84 1.47 1.71 1.6 1.26 1.8 2.13 2.26 2.29 1.31 2.52 1.07 2.98 2.33 2.61 1.95 1.39 1.03 2.29 2.61 1.52 1.74 1.26 2.43 1.34 2.38 1.47 1.95 2.73 2.01 2.01 2.02 2.54 1.77 1.11 1 2.15 2.02 2.66 1.54 2.33 2.82 1.47 2.77 1.79 2.34 1.5 1.07 1.95 1.04 2.69 1.74 2.76 1.72 2.33 2.93 1.07 2.84 1.73 2.99 2.07 2.25 2.87 2.05 2.75 2.04 2.87 2.67 1.34 1.7 1.78 1.01 1.95 2.67 2.73 2.96 1.65 2.67 1.32 2.71 2.56 1.88 2.92 2.63 2.26 2.94 1.99 1.08 1.79 2.41 2.63 1.99 1.24 2.43 1.47 1.94 1.32 1.65 1.61 1.38 2.44 2.11 1.21 1.45 1.8 2.12 2.84 2.29 1.96 2.39 1.37 1.34 1.55 2.36 1.17 1.68 1.15 2.1 1.31 1.28 1.57 1.75 2.3 1.04 1.28 1.17 2.61 1.7 2.09 1.02 1.2 1.06 2.23 1.49 1.55 2.63 1.31 1.26 1.27 2.35 1.23 1.52 2.11 2.49 2.3 2.49 2.8 2.16 1.71 1.04 2.56 2.66 1.49 2.49 1.66 1.22 2.1 2.02 2.22 2.29 1.86 1.57 2.41 2.47 2.33 1.23 2.4 1.25 1.14 1.27 2.61 1.72 2.84 1.13 2.88 2.58 1.04 1.11 1.94 2.5 1.09 2.55 2.73 1.47 1.7 1.33 2.77 2.7 2.64 1.43 1.24 1.77 2.49 1.77 2.89 1.53 1.54 1.52 2.44 1.04 2.89 2.37 2.3 2.03 1.26 1.23 2.05 1.13 1.19 2.22 2 1.99 1.51 2.43 2.04 2.93 1.16 1.99 2.67 2.53 2.85 1 1.44 1.01 2.76 3 1.48 1.08 1.46 1.68 1.28 2.73 1.08 1.68 2.86 1.92 2 2.95 1.06 2.63 1.03 2.64 1.12 1.01 2.14 1.5 1.56 1.23 1.96 1.04 1.3 2.85 1.66 1.25 1.84 2.07 2.51 1.66 1.93 3 2.86 2.06 1.58 2.07 1.32 1.4 1.8 2.98 1.43 2.19 2.29 2.49 1.94 2.39 2.6 2.98 1.24 1.45 1.54 1.75 1.24 2.19 1.7 2.74 1.1 1.78 2.23 1.92 2.57 1.13 1.01 2.05 1.42 1.89 2.99 1.74 2.16 2.68 1.7 1.72 1.03 2.08 1.06 1.29 2.13 2.27 2.73 2.21 1.93 1.21 1.01 2.59 1.02 2.15 1.89 2.34 1.99 1.09 1.52 2.51 2.74 1.94 2.51 2.23 1.82 1.45 2.08 1.55 1.18 1.71 1.96 1.9 1.25 2.68 1.81 2.42 1.03 2.35 2.71 2.01 2.44 2.48 2.17 2.99 2.45 2.53 2.93 2.71 2.4 2.74 1.59 2.81 1.9 1.45 1.1 2.31 1.74 2.09 2.59 2.13 3 1.61 1.16 2.01 1.57 1 1.98 2.44 2.9 1.38 2.89 2.81 2.01 2.1 2.13 1.22 1.49 2.01 2.73 1.99 1.2 1.23 1.4 2.87 1.85 2.09 2.63 2.12 1.96 2.1 1.02 1.29 1.07 2.62 2.86 1.7 2.37 1.08 1.83 2.76 1.1 1.43 2.45 1.9 2.78 1.83 3 2.49 1.29 2.24 2.33 1.27 2.43 2.12 2.72 1.57 1.36 1.26 1.83 2.58 2.11 2.74 1.12 1.76 2.08 1.79 1.46 1.59 1.13 1.98 2.86 1.89 1.92 1.29 1.7 1.68 1.99 2.46 1.95 1.04 1.92 1.94 1.84 2.62 2.89 2.01 2.51 1 2.34 1.35 2.48 1.52 2.91 2.32 1.46 1.19 1.6 1.43 2.54 1.24 2.37 1.7 1.38 1.32 2.75 3 1.89 1.44 1.79 1.79 1.12 2.09 2.42 2.77 2.12 1.21 2.66 2.4 2.65 2.07 1.56 1.83 1.26 1.77 2.04 2.16 1.76 2.42 2.14 2.6 2.62 1.3 1.42 1.32 2.84 1.51 1.82 1.42 1.31 1.66 1.47 2.63 1.66 1.84 2.86 1.35 1.3 1.16 2.67 1.8 2 2.79 2.87 1.11 2.07 1.22 2.23 2.46 2.54 1.05 1.27 1.52 1.14 1.35 2.82 2.92 1.6 1.96 2.51 2.4 1.15 1.59 1.11 2.77 1.66 1.6 2.39 1.38 2.37 1.5 2.84 1.77 2.48 2.09 1.04 2.62 1.53 2.74 1.17 2.6 1.57 1.97 1.66 1.33 2.7 2.03 1.96 1.49 1.02 1.15 1.15 2.97 1.73 1.62 2.02 3 2.28 1.53 1.02 1.56 1.28 2.34 2.09 2.92 2.96 1.99 2 2.72 1.52 2.15 1.58 2.87 1.35 2.78 2.8 2.25 2.78 2.86 1.35 1.06 1.5 2.51 1.06 1 2.26 1.09 2.33 1.07 1.68 2.93 1.81 1.51 1.13 2.87 2.43 2.73 1.3 1.5 2.44 2.84 2.74 2.29 1.09 2.54 1.62 2.25 1.32 1.4 1.82 2.53 2.38 2.71 2.45 2.62 2.58 1.39 1.06 2.39 1.28 1.85 2.99 1.96 2.93 1.87 1.85 1.08 2.77 1.73 2.44 2.54 2.28 1.49 2.96 1.07 2.49 1.86 2.99 2.16 2.73 2.93 1.46 2.62 1.52 2.49 2.22 2.89 2.97 2.07 1.37 2.86 1.01 1.12 2.3 1.87 1.3 2.4 2.51 2.18 1.03 1.5 2.22 2.15 2.34 1.96 2.91 1.29 1.43 2.22 1.04 1.17 1.66 2.09 2.11 1.73 2.21 1.37 2.26 1.8 2.6 1.98 1.45 2.84 2.78 1.63 2.78 2.93 1.16 1.71 1.03 2.21 2.29 2.58 1.57 2.26 2.43 2.79 2.43 2.84 2.57 1.79 2.49 1.05 1.62 2.98 1.33 1.48 2.94 1.47 2.9 2.84 2.81 1.02 2.57 1.66 2.76 1.19 2.59 2.32 1.45 1.47 2.55 2.32 2.38 2.5 2.37 1.88 1.3 1.28 2.22 2.6 1.68 1.97 2.93 2.48 1.25 2.75 1.67 2.48 1.13 1.86 1.55 2.51 1.87 2.07 3 1.78 2.15 2.58 2.8 2.27 2.29 2.34 1.03 2.61 2.24 1.81 1.47 2.97 2.94 1.93 2.03 2.34 1.42 1.05 1 1.26 2.14 1.59 2.54 2.32 1.18 2.46 2.57 2.3 1.21 1.12 1.96 2.45 1.18 1.61 1.65 2.08 2.83 1.98 1.46 2.16 1.88 2.03 2.75 2.5 1.99 2.13 2.68 1.01 1.55 2.25 2.33 2.13 2.8 2.73 2.5 1.57 2.63 2.42 1.38 2.64 1.01 1.08 1.73 2.02 1.01 1.07 2.19 1.86 1.02 1.11 1.88 1.03 2.25 1.71 1.16 2.52 2.37 2.27 1.92 2.42 2.68 1.92 1.58 2.74 2.84 2.3 1.11 1.9 1.91 1.78 2.35 1.04 2.69 1.83 1.57 1.92 1.88 2.74 2.55 2.96 1.98 1.35 1.24 2.43 1.29 2.45 2.55 1.95 2.96 1.81 2.46 1.41 2.54 1.33 2.38 1.86 2.79 1.41 2.8 1.85 2.44 1.49 2.88 1.95 2.57 2.29 1.76 2.52 2.93 1.46 1.95 1.54 1.82 1.4 1.64 2.39 1.9 2.72 1.81 2.75 1.44 1.18 2.12 1.85 1.8 2.79 1.36 1.22 2.27 2.31 1.11 1.1 2.63 1.73 1.32 2.91 1.92 2.4 1.57 1.07 2.43 2.94 2.45 2.91 1.63 2.94 2.05 2.05 2.08 2.09 2.77 1.99 2.76 1.79 1.63 2.64 2.27 1.56 2.19 1.54 1.85 2.11 2.59 2.24 2.04 1.4 1.08 2.38 1.14 1.05 1.22 2 1.49 2.09 1.22 1.16 1.38 2.57 2.49 1.53 2.78 1.1 2.44 1.51 2.7 1.98 2.75 1.56 2.55 1.95 1.44 2.58 1.09 2.99 2.73 2.81 2.98 2.65 2.59 1.8 1.49 2.21 2.03 2.62 2.41 2.57 2.36 1.66 2.22 2 1.94 1.9 1.89 1.35 2.6 2.47 2.05 1.28 2.28 1.5 2.38 1.27 2.8 1.05 2.58 2.12 2.04 1.47 1.01 2.46 1.15 1.68 1.3 2.73 2.17 1.34 2.31 1.27 1.04 2.57 2.26 1.92 2.44 1.23 2.46 1.28 2.21 2.68 2.66 2.01 1.91 2.34 2.44 1.78 2.92 2.7 1.87 1.74 2 1.82 2.6 2.92 1.17 1.52 1.94 2.57 1.02 1.54 1.4 1.96 1.43 1.08 2.46 1.97 1 2.71 2.35 2.46 1.08 1.22 1.39 1.7 2.45 2.88 2.41 2.86 1.33 2.22 1.54 2.88 1.12 2.46 1.09 1.02 2.14 1.76 1.7 2.63 2.74 1.47 2.97 1.41 2.63 1.52 1.02 2.78 1.62 2.44 2.53 1.53 2.15 2.07 2.01 2.66 1.7 1.03 1 2.64 2.78 1.38 1.2 1.85 1.01 3 2.96 2.83 2.3 1.91 1.89 2.89 2.66 2.51 1.09 1.44 2.75 1.07 2.92 2.09 1.35 1.44 2.98 1.9 1.27 2.13 1.39 2.36 2.32 1.65 1.97 2.6 2.92 2.92 1.38 1.68 2.06 2.03 1.71 1.41 1.16 2.47 2.9 2.18 2.98 1.11 1.02 2.8 1 1.97 2.28 2.55 2.14 1.9 2.62 2.18 1.42 1.51 1.32 1.21 2.18 2.54 1.97 2.89 2.28 2.49 1.7 2.66 1.85 1.14 1.74 2.82 3 2.84 1.99 2.43 1 2.5 2.96 1.37 1.4 1.49 2.18 1.84 1.04 2.84 1.47 1.92 2.36 1.07 2.6 2.62 1.97 2.6 2.66 2.83 2.58 2.92 2.68 1.89 2.92 1.02 2.54 2.04 1.28 1.6 1.49 2.58 2.98 1.14 2.14 1.81 1.22 1.76 2.68 2.55 2.07 2.47 2.36 1.63 1.05 2.84 1.16 1.01 1.46 1.62 2.84 2.78 2.4 1.86 1.92 1.53 2.66 1.19 2.55 1.12 2.36 2.14 2.74 2.6 2.19 2.35 2.69 2.02 2.51 2.07 2.82 2.42 2.22 1.87 1.3 2.91 1.38 1.81 1.68 1.84 1.45 2.54 2.1 1.95 1.4 2.1 2.01 2.79 1.71 2.25 1.17 1.16 1.64 1.01 2.06 1.29 2.9 2.44 1.87 2.8 2.43 2.64 2.73 2.14 1.53 1.04 1.23 2.22 2.21 1.95 2.12 1.45 1.67 1.21 1.22 2.71 2.24 1.35 2.47 1.84 1.52 1.87 2.94 2.19 1.47 1.66 2.76 2.68 2.33 2.82 1.81 1.89 1.08 2.72 1.43 1.29 2.99 1.25 2.12 1.15 1.39 2.19 1.24 1.34 2.85 2.39 1.83 2.3 2.56 2.34 1.96 1.82 2.62 2.64 1.19 1.2 1.29 2.56 1.18 1.64 2.75 1.87 1.77 2.04 1.71 2.52 1.02 2.63 2.55 2.48 2.94 2.28 1.91 2.62 2.82 1.86 2.82 2.04 2.71 1.04 3 2.77 2 2.9 2.5 2.14 2.5 2.25 1.45 1.22 2.7 2.12 1.44 2.85 1.96 1.16 2.34 1.28 2.65 1.74 1.35 1.87 1.58 1.08 1.58 2.16 1.79 2.49 2.33 3 1.49 2.21 1.11 1.41 1.16 2.25 1.65 2.98 2.23 2.47 1.36 2.09 1.53 2.95 2.67 2.17 1.55 1.98 2.12 1.24 2.25 1.34 1.33 1.53 1.02 2.14 1.32 2.77 1.89 1.53 1.08 1.08 2.89 2.09 1.61 2 1.02 2.01 1.67 2.75 2.88 1.74 1.38 2.66 1.1 2.14 1.65 1.19 2.72 2.27 1.27 1.63 3 1.1 1.46 2.6 1.19 2.95 3 1.42 1.93 2.59 1.9 1.12 2.65 2.02 2.14 1.19 2.15 1.4 2.99 2.07 1.81 1.27 2.91 1.44 1.66 2.6 2.76 2.31 2.67 2.86 2.84 2.67 2.95 1.69 1.87 1.12 1.04 2.11 1.47 2.16 1.81 1.9 2.54 1.05 1.38 2.24 1.28 2.86 2.15 2.61 1.14 2.61 1.58 1 2.36 1.88 2.56 2.19 1.12 2.81 1.66 1.56 2.97 1.54 1.14 2.77 1.47 2.26 2.58 1.17 2.68 1.93 2.32 1 1.74 1.69 2.89 2.07 2.77 1.56 1.6 2.73 2.69 2.86 1.57 1.98 1.06 2.48 2.13 1.82 1.05 1.06 2.83 1.1 2.88 2.58 1.67 2.99 2.31 2.05 2.68 2.67 1.47 2.71 1.29 2.21 1.24 2.94 1.78 1.81 1.1 1.18 2.03 1.98 1.09 2.5 2.26 2.33 1.41 2.69 1.65 1.5 1.88 2.39 2.38 1.31 2.63 2.93 1.6 2.02 1.34 1.68 1.3 2.07 1.77 1.47 1.51 1.05 1.87 1.54 1.79 2.69 2.03 2.34 2 1.45 2.87 2.12 1.08 2.96 2.89 3 1.54 2.14 1.76 1.26 1.58 2.97 1.32 2.85 1.07 2.54 2.68 1.21 1.45 2 2.45 2.19 2.88 1.89 1.32 1.45 1.65 1.1 2.12 2.84 1.17 1.45 1.5 1.29 2.55 2.05 1.76 2.92 1.03 1.53 1.99 2.94 2.5 1.93 1.23 1.58 1.08 2.24 1.31 1.74 1.02 1.95 1.42 1.87 2.12 2.15 2.42 1.44 3 2.28 1.04 1.35 2.03 1.03 1.56 2.72 2 2.56 1.47 2.9 2.51 2.7 2.87 1.78 2.45 2.94 1.37 1.36 1.73 1.76 1.19 1.36 2.96 2.54 1.51 2.53 1.12 2.24 2.89 1.48 2.6 2.52 1.42 1.66 2.24 2.39 2.52 1.86 1.91 2.56 2.39 2.39 1.28 1.54 1.62 1.15 1.6 1.73 1.94 1.37 2.08 2.8 1.34 1.26 1.25 1.21 2.63 1.06 2.7 1.55 1.48 2.31 2.14 1.12 2.94 2.48 2.27 2.73 2.89 1.48 1.79 1.1 1.95 1.98 1.64 1.01 2.47 1.44 1.16 1.18 2.02 1.93 2.24 1.97 1.83 1.45 2.87 2.59 1.64 1.5 2.71 2.59 1.97 1.86 2.24 2.37 2.17 1.51 1.78 2.15 2.23 1.04 2.09 2.19 2.48 1.04 2.95 2.95 2.8 1.98 
