75 2775
6.67 8.82 13.44
80488.5
40 8 21 95 52 68 55 1 23 13 46 89 18 25 79 12 54 33 20 89 39 27 76 12 71 45 63 42 49 32 53 72 95 12 94 55 80 71 91 80 18 56 92 6 43 35 33 24 14 90 98 83 49 9 14 56 9 65 78 26 81 93 37 70 6 10 15 90 71 65 32 95 68 71 62 
0 7.1 21.54 20.94 17.72 10.4 16.01 9.06 12.31 6.85 17.97 8.41 15.85 4.44 20.73 9.98 19.62 13.05 21.69 21.91 19.07 15.62 20.75 22.89 15.9 19.65 20.07 18.24 4.5 24.54 18.55 6.42 15.41 10.76 11.91 8.68 16.05 6.46 10.97 18.2 11.01 9.17 10.66 19.25 17.21 12.66 8.16 17.6 16.94 9.08 7.65 2.53 23.91 3.97 18.58 13.18 16.32 7.63 11.99 3.06 21.95 18.51 6.42 9.17 18.22 28.18 25.57 16.56 13.68 8.19 15.92 7.61 15.31 4.58 10 
7.1 0 19.78 17.63 17.91 16.38 21.28 14.07 18.88 2.14 18.31 1.38 13.95 6.99 13.7 17.04 15.62 11.74 14.6 19.28 25.22 20.42 17.93 21.42 16.85 22.41 24.55 19.77 10.44 24.15 20.19 10.81 17.19 17.81 18.05 9.44 20.93 10.2 7.29 21.24 15.91 15.8 9.7 19.51 11.18 5.6 6.98 11.62 12.08 3.61 10.06 7.49 23.39 6.38 19.95 11.33 22.1 10.88 9.52 5.26 21.92 21.21 4.67 8.25 23.76 27.04 25.22 13.1 10.83 11.12 12.49 14.05 16.78 10.15 12.55 
21.54 19.78 0 4.85 6.05 20.76 20.36 17.86 24.05 17.78 6.32 20.2 5.88 17.12 21.12 26.11 7.27 8.53 22.77 2.63 25.84 18.58 3.38 1.78 8.3 13.34 19.39 9.35 19.75 5.78 9.7 27.92 10.18 28.76 21.95 12.96 19.02 16.37 12.52 13.76 17.74 29.29 10.93 5.9 14.23 19.22 13.68 14.05 10.61 16.36 14.57 19.24 4.95 17.58 8.94 8.61 22.53 15.32 10.29 18.78 5.4 12.81 16.03 27.89 22.55 7.35 6.66 7.44 8.98 14.7 7.86 28.31 9.54 26.11 13.38 
20.94 17.63 4.85 0 9.49 22.49 23.25 19.35 25.9 15.89 9.91 17.75 5.74 16.75 16.58 27.21 2.69 8.42 18.22 2.49 28.76 21.51 1.5 6.41 11.23 17.34 23.06 13.17 20.15 10.58 13.59 27.04 13.14 29.56 23.9 13.09 22.01 16.93 10.47 17.45 19.71 29.49 10.56 9.98 9.98 15.87 12.77 9.72 6.59 14.02 15.08 18.94 9.76 17.04 12.85 7.95 25.3 16.1 8.95 17.94 10.15 16.61 14.76 25.88 25.65 11.23 11.39 4.55 7.27 15.55 5.18 28.26 12.4 25.48 14.69 
17.72 17.91 6.05 9.49 0 15.04 14.31 12.34 18.23 15.77 0.51 18.71 5.68 13.37 23.18 20.66 10.89 6.4 24.83 8.21 19.8 12.53 8.13 6.4 2.37 7.89 13.61 3.71 15.02 6.84 4.16 24.12 4.15 23.46 16.09 9.18 12.98 11.73 11.5 7.98 11.95 24.45 8.2 1.6 16.14 19.11 11 16.12 12.66 15.08 10.14 15.23 6.27 13.97 3.45 7.14 16.49 10.55 8.99 15.41 4.23 7.12 13.45 25.39 16.53 10.75 7.85 9.11 8.61 9.91 9.11 23.7 3.57 22.1 8.28 
10.4 16.38 20.76 22.49 15.04 0 5.89 3.21 3.41 15.07 14.98 17.76 16.76 9.63 28.71 6.02 22.41 14.34 29.99 22.3 8.85 6.1 21.63 21.41 12.67 12.49 10.49 13.34 6.05 21.2 13.38 14.43 11.06 9.05 1.73 10.37 6.35 6.89 16 10.92 3.11 11.28 12.87 16.01 23.31 21.23 12.53 23.58 21.45 16.55 8.28 8.95 20.88 10.11 13.83 15.1 5.92 7.05 15.22 11.12 18.55 11.69 12.95 19.35 7.85 25.44 22.03 19.32 16.61 7.38 18.82 11.4 11.5 12.28 7.82 
16.01 21.28 20.36 23.25 14.31 5.89 0 7.23 6.57 19.67 14.06 22.62 17.89 14.29 32.46 10.93 23.84 16.12 33.88 22.42 5.52 1.78 22.09 20.52 12.15 8.83 4.81 11.4 11.53 19.17 11.22 20.32 10.22 13.87 5.06 13.45 1.41 11.11 19.24 7.51 5.37 16.71 15.45 14.73 26.35 25.57 16.12 26.54 23.85 20.73 11.78 14.2 19.08 14.9 11.89 17.04 2.24 10.67 17.78 16.17 16.77 8.52 17.24 25.1 2.64 23.44 19.79 21.05 18.81 10.66 20.69 17.09 10.92 18.17 10.04 
9.06 14.07 17.86 19.35 12.34 3.21 7.23 0 6.61 12.53 12.35 15.42 13.61 7.1 25.81 8.32 19.22 11.14 27.14 19.27 11.45 6.59 18.54 18.63 10.01 11.29 11.02 11.2 4.62 18.82 11.34 14.25 8.63 11.15 4.83 7.2 7.05 4.01 12.91 9.74 1.96 12.58 9.67 13.48 20.21 18.56 9.5 20.47 18.26 13.78 5.16 7.03 18.42 7.69 11.66 11.89 8.12 3.92 12.02 8.94 16.13 10.29 10.21 18.22 9.69 22.98 19.71 16.11 13.41 4.2 15.61 12.23 8.93 12.04 4.66 
12.31 18.88 24.05 25.9 18.23 3.41 6.57 6.61 0 17.8 18.13 20.27 20.17 12.48 31.69 4.49 25.82 17.75 32.9 25.66 7.03 7.61 25.01 24.63 15.87 14.74 11.36 16.22 8.46 24.16 16.2 15 14.16 7.32 2.15 13.7 7.62 10.07 19.23 13.22 6.31 10.41 16.24 19.1 26.53 24.01 15.73 26.82 24.79 19.47 11.59 11.4 23.9 12.87 16.72 18.5 5.36 10.37 18.57 13.65 21.55 14.12 15.89 20.69 7.45 28.43 24.93 22.72 20 10.74 22.22 11.08 14.66 13.04 11.23 
6.85 2.14 17.78 15.89 15.77 15.07 19.67 12.53 17.8 0 16.17 3.16 11.92 5.46 14.08 16.43 14.04 9.63 15.18 17.42 23.86 18.71 16.09 19.4 14.72 20.36 22.73 17.65 9.36 22.05 18.08 11.69 15.09 17.55 16.78 7.37 19.23 8.56 5.42 19.23 14.29 15.95 7.57 17.37 10.46 6.21 4.84 10.87 10.75 2.3 8.17 6.5 21.29 4.96 17.82 9.26 20.63 9.1 7.49 4.27 19.79 19.17 2.62 10.12 22.2 25 23.12 11.34 8.89 9.27 10.71 14.3 14.66 10.65 10.59 
17.97 18.31 6.32 9.91 0.51 14.98 14.06 12.35 18.13 16.17 0 19.13 6.19 13.64 23.69 20.66 11.37 6.86 25.33 8.56 19.53 12.28 8.54 6.54 2.34 7.44 13.22 3.26 15.17 6.65 3.7 24.35 3.99 23.49 15.99 9.48 12.71 11.9 11.97 7.58 11.88 24.55 8.61 1.28 16.65 19.58 11.38 16.63 13.17 15.52 10.36 15.47 6.14 14.25 2.97 7.62 16.25 10.71 9.46 15.71 4 6.7 13.82 25.73 16.24 10.66 7.65 9.62 9.11 10.08 9.62 23.83 3.47 22.32 8.4 
8.41 1.38 20.2 17.75 18.71 17.76 22.62 15.42 20.27 3.16 19.13 0 14.46 8.33 12.52 18.37 15.6 12.43 13.36 19.53 26.6 21.74 18.16 21.89 17.78 23.52 25.83 20.74 11.83 24.79 21.18 11.65 18.22 19.07 19.43 10.53 22.25 11.53 7.68 22.39 17.25 16.93 10.53 20.3 10.59 4.45 7.93 11.03 11.88 3.85 11.29 8.88 24.01 7.73 20.9 11.93 23.46 12.16 10.06 6.65 22.64 22.32 5.78 8.28 25.11 27.52 25.86 13.28 11.23 12.37 12.69 15.15 17.78 11.18 13.74 
15.85 13.95 5.88 5.74 5.68 16.76 17.89 13.61 20.17 11.92 6.19 14.46 0 11.48 17.52 21.49 5.96 2.84 19.16 6.11 23.35 16.21 5.08 7.48 6.47 13.22 18.33 9.15 14.57 10.46 9.64 22.16 8.2 23.9 18.2 7.53 16.73 11.28 6.79 12.94 14.04 24.02 5.2 6.94 10.46 14 7.84 10.44 7 10.62 9.42 13.65 9.64 11.88 9 2.73 19.84 10.39 4.44 13 8.63 12.27 10.15 22.02 20.39 13.09 11.51 3.51 3.34 9.83 3.45 22.9 7.44 20.43 8.95 
4.44 6.99 17.12 16.75 13.37 9.63 14.29 7.1 12.48 5.46 13.64 8.33 11.48 0 19.21 11.72 15.66 8.66 20.42 17.58 18.41 13.45 16.45 18.45 11.66 16.13 17.64 14.2 4.24 20.16 14.55 10.85 11.4 13.43 11.34 4.25 13.95 3.23 7.43 14.8 8.92 12.8 6.29 14.92 14.44 11.6 4.11 14.78 13.44 6.99 3.58 2.2 19.52 0.7 14.5 8.87 15.18 4.06 7.88 2.24 17.6 14.95 3.42 12.47 16.79 23.75 21.2 12.52 9.58 4.44 11.89 11.51 11.2 8.99 6.14 
20.73 13.7 21.12 16.58 23.18 28.71 32.46 25.81 31.69 14.08 23.69 12.52 17.52 19.21 0 30.51 13.93 17.5 1.66 19.07 37.25 31.16 17.85 22.84 23.55 30.33 34.47 26.49 23.35 26.87 26.98 23.92 24.88 31.49 30.43 19.01 31.7 21.85 13.27 29.72 27.29 29.45 17.25 24.43 7.07 8.1 16.37 7.16 10.69 12.22 20.76 20.56 26.02 18.86 26.41 16.55 33.83 21.95 15.15 18.35 25.74 29.25 15.8 18.9 35.09 27.79 27.78 14.24 14.79 21.85 14.12 27.67 24.19 23.68 22.47 
9.98 17.04 26.11 27.21 20.66 6.02 10.93 8.32 4.49 16.43 20.66 18.37 21.49 11.72 30.51 0 26.69 18.8 31.56 27.37 11.16 11.71 26.53 26.93 18.32 18.48 15.74 19.28 7.51 27.06 19.35 11.07 16.87 3.04 5.95 14.25 11.82 10.35 19.08 16.92 9.03 5.93 16.87 21.77 26.16 22.52 15.6 26.5 25.01 18.43 12.17 10 26.69 11.88 19.76 19.38 9.85 11.11 19.01 12.16 24.38 17.71 15.06 17.25 11.94 31.26 27.92 23.51 20.61 11.66 22.94 6.74 17.22 9.36 12.75 
19.62 15.62 7.27 2.69 10.89 22.41 23.84 19.22 25.82 14.04 11.37 15.6 5.96 15.66 13.93 26.69 0 8.08 15.57 5.15 29.3 22.17 3.93 8.94 12.25 18.77 24.18 14.59 19.39 13.06 15.05 25.49 14.07 28.86 23.93 12.44 22.68 16.35 8.77 18.68 19.84 28.46 9.82 11.69 7.29 13.38 11.57 7.03 4 12.01 14.54 17.84 12.22 15.86 14.34 7.35 25.78 15.66 7.8 16.57 12.31 17.92 13.26 23.83 26.35 13.92 13.91 3.19 6.12 15.19 3.79 27.12 13.3 24.09 14.62 
13.05 11.74 8.53 8.42 6.4 14.34 16.12 11.14 17.75 9.63 6.86 12.43 2.84 8.66 17.5 18.8 8.08 0 19.09 8.94 21.47 14.54 7.89 9.99 6.13 12.84 17.23 9.15 11.76 12.42 9.64 19.4 7.38 21.15 15.86 4.71 15.08 8.51 5.1 12.23 11.8 21.19 2.4 7.96 10.71 12.73 5.18 10.8 7.78 8.71 6.66 10.83 11.66 9.08 9.16 0.97 17.93 7.69 2.6 10.25 10.21 11.75 7.6 19.59 18.7 15.5 13.48 5.02 2.79 7.17 4.59 20.06 6.68 17.63 6.55 
21.69 14.6 22.77 18.22 24.83 29.99 33.88 27.14 32.9 15.18 25.33 13.36 19.16 20.42 1.66 31.56 15.57 19.09 0 20.7 38.59 32.6 19.5 24.49 25.16 31.93 35.99 28.11 24.51 28.53 28.6 24.51 26.46 32.42 31.71 20.44 33.15 23.16 14.75 31.29 28.67 30.24 18.77 26.09 8.73 9.04 17.76 8.82 12.35 13.44 22.14 21.68 27.68 20.04 28.04 18.15 35.19 23.31 16.71 19.44 27.41 30.84 17.04 19.18 36.5 29.42 29.43 15.9 16.4 23.24 15.77 28.44 25.78 24.41 23.92 
21.91 19.28 2.63 2.49 8.21 22.3 22.42 19.27 25.66 17.42 8.56 19.53 6.11 17.58 19.07 27.37 5.15 8.94 20.7 0 27.94 20.66 1.39 3.98 10.28 15.82 21.77 11.73 20.63 8.18 12.12 28.17 12.2 29.89 23.6 13.62 21.12 17.3 12 16.12 19.38 30.11 11.29 8.35 12.39 18 13.81 12.15 8.91 15.73 15.45 19.75 7.38 17.95 11.36 8.73 24.55 16.35 10.11 19 8.03 15.21 15.99 27.51 24.71 8.79 8.94 6.28 8.55 15.76 6.84 29 11.51 26.49 14.65 
19.07 25.22 25.84 28.76 19.8 8.85 5.52 11.45 7.03 23.86 19.53 26.6 23.35 18.41 37.25 11.16 29.3 21.47 38.59 27.94 0 7.28 27.61 25.94 17.66 13.67 7.99 16.75 14.86 24.32 16.53 22.01 15.73 13.47 7.2 18.39 6.83 15.46 24.2 12.59 10 16.98 20.59 20.14 31.44 29.98 20.89 31.66 29.12 25.22 16.51 17.78 24.31 18.92 17.23 22.37 3.54 15.3 22.96 19.96 22.04 13.62 21.64 27.68 3.44 28.55 24.86 26.45 24.1 15.44 26.06 17.91 16.44 20.07 15.16 
15.62 20.42 18.58 21.51 12.53 6.1 1.78 6.59 7.61 18.71 12.28 21.74 16.21 13.45 31.16 11.71 22.17 14.54 32.6 20.66 7.28 0 20.34 18.74 10.38 7.28 4.49 9.63 11.14 17.44 9.47 20.38 8.45 14.72 5.76 12.17 0.55 10.22 17.9 5.87 4.64 17.31 14.02 12.95 24.91 24.47 14.91 25.08 22.3 19.62 10.65 13.62 17.34 14.09 10.13 15.48 4 9.62 16.31 15.45 15.02 6.85 16.21 24.78 4.18 21.73 18.09 19.42 17.26 9.53 19.08 17.5 9.16 18.19 8.69 
20.75 17.93 3.38 1.5 8.13 21.63 22.09 18.54 25.01 16.09 8.54 18.16 5.08 16.45 17.85 26.53 3.93 7.89 19.5 1.39 27.61 20.34 0 5.01 9.99 15.94 21.74 11.78 19.65 9.15 12.2 26.96 11.92 28.98 22.99 12.6 20.83 16.36 10.67 16.11 18.77 29.08 10.18 8.53 11.09 16.62 12.61 10.87 7.56 14.37 14.5 18.64 8.32 16.8 11.44 7.59 24.18 15.45 8.86 17.8 8.65 15.24 14.74 26.17 24.46 10.11 9.99 4.9 7.25 14.88 5.47 27.93 11.19 25.32 13.89 
22.89 21.42 1.78 6.41 6.4 21.41 20.52 18.63 24.63 19.4 6.54 21.89 7.48 18.45 22.84 26.93 8.94 9.99 24.49 3.98 25.94 18.74 5.01 0 8.76 12.96 19.13 9.22 20.84 4.19 9.5 29.29 10.53 29.66 22.49 14.24 19.15 17.47 14.21 13.58 18.34 30.38 12.37 5.8 15.99 20.99 15.17 15.79 12.38 18.05 15.71 20.53 3.41 18.94 8.76 10.17 22.73 16.37 11.92 20.2 4.48 12.58 17.56 29.49 22.58 5.63 4.98 9.22 10.67 15.74 9.63 29.47 9.97 27.43 14.3 
15.9 16.85 8.3 11.23 2.37 12.67 12.15 10.01 15.87 14.72 2.34 17.78 6.47 11.66 23.55 18.32 12.25 6.13 25.16 10.28 17.66 10.38 9.99 8.76 0 6.81 11.94 3.05 12.91 8.93 3.53 22.23 1.93 21.14 13.73 7.65 10.85 9.69 11.08 6.47 9.58 22.24 7.31 3.52 16.63 18.72 9.87 16.67 13.37 14.35 8.25 13.38 8.46 12.3 3.13 7.04 14.29 8.49 8.68 13.8 6.24 5.81 12.24 23.96 14.47 13 9.9 9.98 8.76 7.86 9.83 21.55 1.24 20.16 6.13 
19.65 22.41 13.34 17.34 7.89 12.49 8.83 11.29 14.74 20.36 7.44 23.52 13.22 16.13 30.33 18.48 18.77 12.84 31.93 15.82 13.67 7.28 15.94 12.96 6.81 0 6.21 4.19 15.62 10.72 3.74 25.42 5.52 21.52 12.72 12.99 7.45 13.24 17.57 1.58 9.76 23.63 13.57 7.46 23.44 25.08 15.67 23.48 20.17 20.45 12.58 17.21 10.8 16.82 4.49 13.78 11.01 12.15 15.3 18.37 8.67 1.2 17.75 28.54 10.24 14.89 11.2 16.74 15.55 11.69 16.62 23.47 6.17 23.22 10 
20.07 24.55 19.39 23.06 13.61 10.49 4.81 11.02 11.36 22.73 13.22 25.83 18.33 17.64 34.47 15.74 24.18 17.23 35.99 21.77 7.99 4.49 21.74 19.13 11.94 6.21 0 10.04 15.6 16.89 9.69 24.85 10.13 18.67 9.86 15.78 4.15 14.42 21.25 5.64 9.06 21.52 17.22 13.49 27.91 28.25 18.59 28.03 24.97 23.41 14.56 18 17 18.31 10.45 18.2 6.32 13.67 19.36 19.73 14.88 6.58 20.16 29.24 4.75 20.98 17.29 21.77 20.03 13.46 21.54 21.84 10.9 22.67 12.29 
18.24 19.77 9.35 13.17 3.71 13.34 11.4 11.2 16.22 17.65 3.26 20.74 9.15 14.2 26.49 19.28 14.59 9.15 28.11 11.73 16.75 9.63 11.78 9.22 3.05 4.19 10.04 0 14.8 7.95 0.49 24.43 2.83 22.23 14.07 10.42 10 11.83 14.13 4.41 10.25 23.75 10.33 3.46 19.51 21.76 12.81 19.53 16.14 17.37 10.65 15.71 7.75 14.87 0.5 10.04 13.63 10.63 11.72 16.4 5.41 3.47 15.12 26.63 13.37 12.24 8.72 12.65 11.72 10.05 12.58 23.27 3.02 22.3 8.24 
4.5 10.44 19.75 20.15 15.02 6.05 11.53 4.62 8.46 9.36 15.17 11.83 14.57 4.24 23.35 7.51 19.39 11.76 24.51 20.63 14.86 11.14 19.65 20.84 12.91 15.62 15.6 14.8 0 21.82 15.04 9.8 12.01 9.47 7.66 7.07 11.56 3.37 11.57 14.11 6.55 9.55 9.62 16.41 18.67 15.57 8.1 19 17.51 11.14 5.19 2.95 21.29 4.5 15.2 12.22 11.93 4.49 11.62 5.19 19.14 14.54 7.64 13.64 13.78 25.75 22.8 16.2 13.27 5.13 15.61 8.68 12.08 7.61 6.77 
24.54 24.15 5.78 10.58 6.84 21.2 19.17 18.82 24.16 22.05 6.65 24.79 10.46 20.16 26.87 27.06 13.06 12.42 28.53 8.18 24.32 17.44 9.15 4.19 8.93 10.72 16.89 7.95 21.82 0 8.02 30.94 10.2 29.95 22.01 15.93 17.76 18.55 17.2 11.74 18.09 31.16 14.6 5.41 19.92 24.42 17.46 19.76 16.28 21 16.98 22.06 0.85 20.74 7.44 12.86 21.41 17.36 14.74 22.14 2.7 10.71 19.92 31.94 20.89 4.29 1.07 12.91 13.79 16.73 13.23 30.48 9.9 28.94 15.05 
18.55 20.19 9.7 13.59 4.16 13.38 11.22 11.34 16.2 18.08 3.7 21.18 9.64 14.55 26.98 19.35 15.05 9.64 28.6 12.12 16.53 9.47 12.2 9.5 3.53 3.74 9.69 0.49 15.04 8.02 0 24.71 3.15 22.32 14.06 10.82 9.82 12.12 14.61 4.08 10.32 23.91 10.79 3.8 20 22.24 13.24 20.02 16.63 17.83 10.99 16.03 7.87 15.23 0.76 10.53 13.46 10.93 12.2 16.77 5.55 3.11 15.54 27 13.13 12.31 8.74 13.14 12.21 10.35 13.07 23.46 3.42 22.56 8.55 
6.42 10.81 27.92 27.04 24.12 14.43 20.32 14.25 15 11.69 24.35 11.65 22.16 10.85 23.92 11.07 25.49 19.4 24.51 28.17 22.01 20.38 26.96 29.29 22.23 25.42 24.85 24.43 9.8 30.94 24.71 0 21.6 9.99 15.49 15.09 20.7 12.61 16.73 23.91 16.06 6.61 17 25.62 21.96 16.04 14.36 22.39 22.42 13.96 13.99 8.88 30.32 10.35 24.8 19.46 20 13.81 18.11 9.17 28.34 24.34 12.28 6.67 22.08 34.59 31.97 22.56 19.77 14.41 21.92 4.86 21.57 2.21 16.21 
15.41 17.19 10.18 13.14 4.15 11.06 10.22 8.63 14.16 15.09 3.99 18.22 8.2 11.4 24.88 16.87 14.07 7.38 26.46 12.2 15.73 8.45 11.92 10.53 1.93 5.52 10.13 2.83 12.01 10.2 3.15 21.6 0 19.76 12.02 7.76 8.92 9 12.04 4.86 7.95 21.09 8.06 4.95 18.06 19.58 10.3 18.14 14.94 15.01 7.84 12.89 9.83 12.08 3.2 8.34 12.37 7.8 9.79 13.62 7.52 4.39 12.52 23.86 12.53 14.4 11.08 11.66 10.14 7.22 11.45 20.54 0.77 19.48 5.41 
10.76 17.81 28.76 29.56 23.46 9.05 13.87 11.15 7.32 17.55 23.49 19.07 23.9 13.43 31.49 3.04 28.86 21.15 32.42 29.89 13.47 14.72 28.98 29.66 21.14 21.52 18.67 22.23 9.47 29.95 22.32 9.99 19.76 0 8.96 16.49 14.82 12.63 20.86 19.95 12.01 3.71 19.07 24.62 27.69 23.4 17.48 28.06 26.87 19.71 14.49 11.45 29.56 13.45 22.71 21.65 12.63 13.54 21.09 13.41 27.27 20.73 16.58 16.57 14.68 34.12 30.84 25.67 22.74 14.13 25.08 5.17 20.08 8.76 15.39 
11.91 18.05 21.95 23.9 16.09 1.73 5.06 4.83 2.15 16.78 15.99 19.43 18.2 11.34 30.43 5.95 23.93 15.86 31.71 23.6 7.2 5.76 22.99 22.49 13.73 12.72 9.86 14.07 7.66 22.01 14.06 15.49 12.02 8.96 0 12.02 5.87 8.61 17.7 11.18 4.22 11.66 14.49 16.95 25.01 22.95 14.24 25.27 23.09 18.27 9.96 10.59 21.75 11.82 14.57 16.65 4.54 8.73 16.85 12.79 19.4 12.04 14.67 20.71 6.59 26.28 22.79 20.86 18.21 9.02 20.38 12.04 12.53 13.4 9.31 
8.68 9.44 12.96 13.09 9.18 10.37 13.45 7.2 13.7 7.37 9.48 10.53 7.53 4.25 19.01 14.25 12.44 4.71 20.44 13.62 18.39 12.17 12.6 14.24 7.65 12.99 15.78 10.42 7.07 15.93 10.82 15.09 7.76 16.49 12.02 0 12.71 3.9 5.82 11.89 8.39 16.49 2.62 10.76 13.07 12.47 2.81 13.3 11.09 7.66 2.13 6.29 15.28 4.8 10.65 5.16 14.9 3.33 4.88 6.23 13.4 11.79 4.77 16.31 16.08 19.5 16.98 9.26 6.39 3 8.7 15.4 7.4 13.19 3.51 
16.05 20.93 19.02 22.01 12.98 6.35 1.41 7.05 7.62 19.23 12.71 22.25 16.73 13.95 31.7 11.82 22.68 15.08 33.15 21.12 6.83 0.55 20.83 19.15 10.85 7.45 4.15 10 11.56 17.76 9.82 20.7 8.92 14.82 5.87 12.71 0 10.72 18.45 6.11 5.1 17.49 14.57 13.35 25.46 25.01 15.45 25.63 22.85 20.15 11.18 14.08 17.67 14.59 10.49 16.02 3.65 10.14 16.86 15.93 15.37 7.11 16.74 25.2 3.66 22.03 18.38 19.95 17.81 10.06 19.62 17.73 9.64 18.52 9.24 
6.46 10.2 16.37 16.93 11.73 6.89 11.11 4.01 10.07 8.56 11.9 11.53 11.28 3.23 21.85 10.35 16.35 8.51 23.16 17.3 15.46 10.22 16.36 17.47 9.69 13.24 14.42 11.83 3.37 18.55 12.12 12.61 9 12.63 8.61 3.9 10.72 0 9.17 11.84 5.74 12.92 6.52 13.16 16.47 14.55 5.66 16.75 14.84 9.77 1.86 3.98 18 3.89 12.19 9.05 12.13 1.21 8.71 5.33 15.89 12.09 6.2 15.32 13.64 22.43 19.55 13.16 10.28 1.83 12.6 12.02 8.97 10.5 3.6 
10.97 7.29 12.52 10.47 11.5 16 19.24 12.91 19.23 5.42 11.97 7.68 6.79 7.43 13.27 19.08 8.77 5.1 14.75 12 24.2 17.9 10.67 14.21 11.08 17.57 21.25 14.13 11.57 17.2 14.61 16.73 12.04 20.86 17.7 5.82 18.45 9.17 0 16.75 14.2 20.01 4.06 13.04 7.31 7.65 3.52 7.59 6.03 3.84 7.75 9.47 16.4 7.45 14.18 4.41 20.71 8.98 2.52 7.91 15.18 16.42 4.55 15.51 21.88 19.83 18.26 5.93 3.55 8.77 5.3 18.56 11.43 15.36 9.22 
18.2 21.24 13.76 17.45 7.98 10.92 7.51 9.74 13.22 19.23 7.58 22.39 12.94 14.8 29.72 16.92 18.68 12.23 31.29 16.12 12.59 5.87 16.11 13.58 6.47 1.58 5.64 4.41 14.11 11.74 4.08 23.91 4.86 19.95 11.18 11.89 6.11 11.84 16.75 0 8.18 22.05 12.71 7.87 22.92 24.16 14.63 22.99 19.78 19.46 11.3 15.8 11.73 15.51 4.83 13.19 9.73 10.79 14.59 17.04 9.48 1.03 16.61 27.16 9.16 15.99 12.31 16.44 15 10.36 16.26 21.9 5.59 21.7 8.73 
11.01 15.91 17.74 19.71 11.95 3.11 5.37 1.96 6.31 14.29 11.88 17.25 14.04 8.92 27.29 9.03 19.84 11.8 28.67 19.38 10 4.64 18.77 18.34 9.58 9.76 9.06 10.25 6.55 18.09 10.32 16.06 7.95 12.01 4.22 8.39 5.1 5.74 14.2 8.18 0 13.88 10.66 12.9 21.45 20.24 10.92 21.67 19.25 15.41 6.53 8.98 17.77 9.54 10.74 12.63 6.53 5.36 13.03 10.85 15.44 8.85 11.89 20.18 7.92 22.33 18.93 16.82 14.28 5.45 16.37 13.73 8.4 13.85 5.28 
9.17 15.8 29.29 29.49 24.45 11.28 16.71 12.58 10.41 15.95 24.55 16.93 24.02 12.8 29.45 5.93 28.46 21.19 30.24 30.11 16.98 17.31 29.08 30.38 22.24 23.63 21.52 23.75 9.55 31.16 23.91 6.61 21.09 3.71 11.66 16.49 17.49 12.92 20.01 22.05 13.88 0 18.93 25.76 26.37 21.37 16.89 26.77 26.03 18.22 14.73 10.62 30.69 12.62 24.2 21.55 15.77 14.01 20.68 12.16 28.47 22.73 15.51 13.28 17.86 35.19 32.11 25.32 22.37 14.64 24.69 1.84 21.29 5.89 16.18 
10.66 9.7 10.93 10.56 8.2 12.87 15.45 9.67 16.24 7.57 8.61 10.53 5.2 6.29 17.25 16.87 9.82 2.4 18.77 11.29 20.59 14.02 10.18 12.37 7.31 13.57 17.22 10.33 9.62 14.6 10.79 17 8.06 19.07 14.49 2.62 14.57 6.52 4.06 12.71 10.66 18.93 0 9.81 10.9 11.52 2.86 11.09 8.61 7.04 4.74 8.47 13.87 6.69 10.45 2.61 17.07 5.91 2.38 7.85 12.26 12.41 5.32 17.34 18.08 17.83 15.66 6.64 3.78 5.5 6.08 17.75 7.5 15.24 5.44 
19.25 19.51 5.9 9.98 1.6 16.01 14.73 13.48 19.1 17.37 1.28 20.3 6.94 14.92 24.43 21.77 11.69 7.96 26.09 8.35 20.14 12.95 8.53 5.8 3.52 7.46 13.49 3.46 16.41 5.41 3.8 25.62 4.95 24.62 16.95 10.76 13.35 13.16 13.04 7.87 12.9 25.76 9.81 0 17.37 20.61 12.6 17.32 13.82 16.65 11.63 16.74 4.95 15.53 3.04 8.65 16.95 11.97 10.52 16.98 2.74 6.91 15.05 26.99 16.79 9.5 6.39 10.25 10.04 11.33 10.32 25.07 4.55 23.59 9.64 
17.21 11.18 14.23 9.98 16.14 23.31 26.35 20.21 26.53 10.46 16.65 10.59 10.46 14.44 7.07 26.16 7.29 10.71 8.73 12.39 31.44 24.91 11.09 15.99 16.63 23.44 27.91 19.51 18.67 19.92 20 21.96 18.06 27.69 25.01 13.07 25.46 16.47 7.31 22.92 21.45 26.37 10.9 17.37 0 7.03 10.81 0.45 3.65 8.16 15.06 16.26 19.07 14.3 19.41 9.74 27.93 16.29 8.61 14.32 18.7 22.39 11.13 18.68 28.98 21.18 20.86 7.17 7.93 16.06 7.05 24.75 17.34 21.09 16.32 
12.66 5.6 19.22 15.87 19.11 21.23 25.57 18.56 24.01 6.21 19.58 4.45 14 11.6 8.1 22.52 13.38 12.73 9.04 18 29.98 24.47 16.62 20.99 18.72 25.08 28.25 21.76 15.57 24.42 22.24 16.04 19.58 23.4 22.95 12.47 25.01 14.55 7.65 24.16 20.24 21.37 11.52 20.61 7.03 0 9.67 7.47 9.39 4.86 13.83 12.69 23.58 11.15 21.82 11.97 26.68 14.91 10.13 10.43 22.61 23.91 8.36 11.85 28.15 26.54 25.45 11.82 10.68 14.95 11.36 19.6 19 15.64 15.96 
8.16 6.98 13.68 12.77 11 12.53 16.12 9.5 15.73 4.84 11.38 7.93 7.84 4.11 16.37 15.6 11.57 5.18 17.76 13.81 20.89 14.91 12.61 15.17 9.87 15.67 18.59 12.81 8.1 17.46 13.24 14.36 10.3 17.48 14.24 2.81 15.45 5.66 3.52 14.63 10.92 16.89 2.86 12.6 10.81 9.67 0 11.09 9.41 4.85 4.39 6.27 16.73 4.29 12.98 5.11 17.45 5.6 3.83 5.2 15.1 14.48 2.46 14.48 18.74 20.67 18.52 8.45 5.53 5.48 7.82 15.56 9.84 12.72 6.3 
17.6 11.62 14.05 9.72 16.12 23.58 26.54 20.47 26.82 10.87 16.63 11.03 10.44 14.78 7.16 26.5 7.03 10.8 8.82 12.15 31.66 25.08 10.87 15.79 16.67 23.48 28.03 19.53 19 19.76 20.02 22.39 18.14 28.06 25.27 13.3 25.63 16.75 7.59 22.99 21.67 26.77 11.09 17.32 0.45 7.47 11.09 0 3.53 8.57 15.31 16.62 18.91 14.65 19.41 9.83 28.14 16.55 8.77 14.7 18.59 22.45 11.49 19.13 29.17 20.94 20.69 7.09 8.01 16.3 7.01 25.15 17.41 21.51 16.52 
16.94 12.08 10.61 6.59 12.66 21.45 23.85 18.26 24.79 10.75 13.17 11.88 7 13.44 10.69 25.01 4 7.78 12.35 8.91 29.12 22.3 7.56 12.38 13.37 20.17 24.97 16.14 17.51 16.28 16.63 22.42 14.94 26.87 23.09 11.09 22.85 14.84 6.03 19.78 19.25 26.03 8.61 13.82 3.65 9.39 9.41 3.53 0 8.55 13.2 15.5 15.42 13.48 16 6.83 25.58 14.42 6.24 13.9 15.06 19.17 10.53 20.17 26.45 17.66 17.22 3.58 5.04 14.07 3.56 24.55 14.19 21.21 13.99 
9.08 3.61 16.36 14.02 15.08 16.55 20.73 13.78 19.47 2.3 15.52 3.85 10.62 6.99 12.22 18.43 12.01 8.71 13.44 15.73 25.22 19.62 14.37 18.05 14.35 20.45 23.41 17.37 11.14 21 17.83 13.96 15.01 19.71 18.27 7.66 20.15 9.77 3.84 19.46 15.41 18.22 7.04 16.65 8.16 4.86 4.85 8.57 8.55 0 8.97 8.43 20.2 6.64 17.48 8.14 21.88 10.06 6.26 6.31 18.9 19.27 3.6 11.86 23.32 23.67 22.06 9.51 7.38 10.09 8.91 16.59 14.49 12.95 11.12 
7.65 10.06 14.57 15.08 10.14 8.28 11.78 5.16 11.59 8.17 10.36 11.29 9.42 3.58 20.76 12.17 14.54 6.66 22.14 15.45 16.51 10.65 14.5 15.71 8.25 12.58 14.56 10.65 5.19 16.98 10.99 13.99 7.84 14.49 9.96 2.13 11.18 1.86 7.75 11.3 6.53 14.73 4.74 11.63 15.06 13.83 4.39 15.31 13.2 8.97 0 5.13 16.39 4.27 10.97 7.22 13.06 1.24 7 5.82 14.35 11.39 5.6 16.06 14.39 20.77 18 11.36 8.51 1.12 10.81 13.76 7.68 11.96 2.58 
2.53 7.49 19.24 18.94 15.23 8.95 14.2 7.03 11.4 6.5 15.47 8.88 13.65 2.2 20.56 10 17.84 10.83 21.68 19.75 17.78 13.62 18.64 20.53 13.38 17.21 18 15.71 2.95 22.06 16.03 8.88 12.89 11.45 10.59 6.29 14.08 3.98 9.47 15.8 8.98 10.62 8.47 16.74 16.26 12.69 6.27 16.62 15.5 8.43 5.13 0 21.44 2.02 16.05 11.06 14.78 5.12 10.07 2.26 19.46 16.06 5.13 11.4 16.55 25.75 23.08 14.7 11.77 5.67 14.08 9.31 12.78 6.91 7.48 
23.91 23.39 4.95 9.76 6.27 20.88 19.08 18.42 23.9 21.29 6.14 24.01 9.64 19.52 26.02 26.69 12.22 11.66 27.68 7.38 24.31 17.34 8.32 3.41 8.46 10.8 17 7.75 21.29 0.85 7.87 30.32 9.83 29.56 21.75 15.28 17.67 18 16.4 11.73 17.77 30.69 13.87 4.95 19.07 23.58 16.73 18.91 15.42 20.2 16.39 21.44 0 20.08 7.25 12.08 21.32 16.82 13.95 21.47 2.35 10.69 19.19 31.21 20.88 4.57 1.87 12.06 12.97 16.18 12.38 29.96 9.48 28.34 14.53 
3.97 6.38 17.58 17.04 13.97 10.11 14.9 7.69 12.87 4.96 14.25 7.73 11.88 0.7 18.86 11.88 15.86 9.08 20.04 17.95 18.92 14.09 16.8 18.94 12.3 16.82 18.31 14.87 4.5 20.74 15.23 10.35 12.08 13.45 11.82 4.8 14.59 3.89 7.45 15.51 9.54 12.62 6.69 15.53 14.3 11.15 4.29 14.65 13.48 6.64 4.27 2.02 20.08 0 15.16 9.22 15.74 4.76 8.12 1.55 18.2 15.64 3.18 11.79 17.38 24.28 21.78 12.74 9.82 5.14 12.11 11.26 11.86 8.55 6.84 
18.58 19.95 8.94 12.85 3.45 13.83 11.89 11.66 16.72 17.82 2.97 20.9 9 14.5 26.41 19.76 14.34 9.16 28.04 11.36 17.23 10.13 11.44 8.76 3.13 4.49 10.45 0.5 15.2 7.44 0.76 24.8 3.2 22.71 14.57 10.65 10.49 12.19 14.18 4.83 10.74 24.2 10.45 3.04 19.41 21.82 12.98 19.41 16 17.48 10.97 16.05 7.25 15.16 0 10.02 14.13 10.99 11.74 16.69 4.9 3.87 15.32 26.9 13.84 11.73 8.22 12.49 11.67 10.4 12.44 23.69 3.3 22.67 8.59 
13.18 11.33 8.61 7.95 7.14 15.1 17.04 11.89 18.5 9.26 7.62 11.93 2.73 8.87 16.55 19.38 7.35 0.97 18.15 8.73 22.37 15.48 7.59 10.17 7.04 13.78 18.2 10.04 12.22 12.86 10.53 19.46 8.34 21.65 16.65 5.16 16.02 9.05 4.41 13.19 12.63 21.55 2.61 8.65 9.74 11.97 5.11 9.83 6.83 8.14 7.22 11.06 12.08 9.22 10.02 0 18.83 8.32 1.89 10.29 10.78 12.7 7.42 19.32 19.63 15.75 13.93 4.22 1.82 7.83 3.74 20.35 7.64 17.76 7.36 
16.32 22.1 22.53 25.3 16.49 5.92 2.24 8.12 5.36 20.63 16.25 23.46 19.84 15.18 33.83 9.85 25.78 17.93 35.19 24.55 3.54 4 24.18 22.73 14.29 11.01 6.32 13.63 11.93 21.41 13.46 20 12.37 12.63 4.54 14.9 3.65 12.13 20.71 9.73 6.53 15.77 17.07 16.95 27.93 26.68 17.45 28.14 25.58 21.88 13.06 14.78 21.32 15.74 14.13 18.83 0 11.88 19.43 16.88 19.01 10.75 18.32 25.23 2.1 25.68 22.02 22.91 20.56 11.98 22.52 16.36 13.05 17.93 11.63 
7.63 10.88 15.32 16.1 10.55 7.05 10.67 3.92 10.37 9.1 10.71 12.16 10.39 4.06 21.95 11.11 15.66 7.69 23.31 16.35 15.3 9.62 15.45 16.37 8.49 12.15 13.67 10.63 4.49 17.36 10.93 13.81 7.8 13.54 8.73 3.33 10.14 1.21 8.98 10.79 5.36 14.01 5.91 11.97 16.29 14.91 5.6 16.55 14.42 10.06 1.24 5.12 16.82 4.76 10.99 8.32 11.88 0 8.21 6.27 14.7 10.99 6.59 16.39 13.26 21.27 18.36 12.5 9.69 0.64 11.96 13.16 7.76 11.7 2.4 
11.99 9.52 10.29 8.95 8.99 15.22 17.78 12.02 18.57 7.49 9.46 10.06 4.44 7.88 15.15 19.01 7.8 2.6 16.71 10.11 22.96 16.31 8.86 11.92 8.68 15.3 19.36 11.72 11.62 14.74 12.2 18.11 9.79 21.09 16.85 4.88 16.86 8.71 2.52 14.59 13.03 20.68 2.38 10.52 8.61 10.13 3.83 8.77 6.24 6.26 7 10.07 13.95 8.12 11.74 1.89 19.43 8.21 0 8.99 12.67 14.18 5.88 17.6 20.4 17.53 15.8 4.64 1.7 7.84 4.02 19.37 9.13 16.53 7.8 
3.06 5.26 18.78 17.94 15.41 11.12 16.17 8.94 13.65 4.27 15.71 6.65 13 2.24 18.35 12.16 16.57 10.25 19.44 19 19.96 15.45 17.8 20.2 13.8 18.37 19.73 16.4 5.19 22.14 16.77 9.17 13.62 13.41 12.79 6.23 15.93 5.33 7.91 17.04 10.85 12.16 7.85 16.98 14.32 10.43 5.2 14.7 13.9 6.31 5.82 2.26 21.47 1.55 16.69 10.29 16.88 6.27 8.99 0 19.63 17.19 3.37 10.24 18.59 25.6 23.19 13.53 10.67 6.68 12.89 10.65 13.39 7.54 8.39 
21.95 21.92 5.4 10.15 4.23 18.55 16.77 16.13 21.55 19.79 4 22.64 8.63 17.6 25.74 24.38 12.31 10.21 27.41 8.03 22.04 15.02 8.65 4.48 6.24 8.67 14.88 5.41 19.14 2.7 5.55 28.34 7.52 27.27 19.4 13.4 15.37 15.89 15.18 9.48 15.44 28.47 12.26 2.74 18.7 22.61 15.1 18.59 15.06 18.9 14.35 19.46 2.35 18.2 4.9 10.78 19.01 14.7 12.67 19.63 0 8.45 17.56 29.55 18.63 6.9 3.66 11.54 11.93 14.07 11.75 27.8 7.2 26.31 12.37 
18.51 21.21 12.81 16.61 7.12 11.69 8.52 10.29 14.12 19.17 6.7 22.32 12.27 14.95 29.25 17.71 17.92 11.75 30.84 15.21 13.62 6.85 15.24 12.58 5.81 1.2 6.58 3.47 14.54 10.71 3.11 24.34 4.39 20.73 12.04 11.79 7.11 12.09 16.42 1.03 8.85 22.73 12.41 6.91 22.39 23.91 14.48 22.45 19.17 19.27 11.39 16.06 10.69 15.64 3.87 12.7 10.75 10.99 14.18 17.19 8.45 0 16.55 27.37 10.19 14.96 11.28 15.78 14.48 10.52 15.64 22.51 5.06 22.15 8.81 
6.42 4.67 16.03 14.76 13.45 12.95 17.24 10.21 15.89 2.62 13.82 5.78 10.15 3.42 15.8 15.06 13.26 7.6 17.04 15.99 21.64 16.21 14.74 17.56 12.24 17.75 20.16 15.12 7.64 19.92 15.54 12.28 12.52 16.58 14.67 4.77 16.74 6.2 4.55 16.61 11.89 15.51 5.32 15.05 11.13 8.36 2.46 11.49 10.53 3.6 5.6 5.13 19.19 3.18 15.32 7.42 18.32 6.59 5.88 3.37 17.56 16.55 0 12.02 19.81 23.1 20.99 10.28 7.5 6.71 9.64 14.02 12.12 10.82 7.98 
9.17 8.25 27.89 25.88 25.39 19.35 25.1 18.22 20.69 10.12 25.73 8.28 22.02 12.47 18.9 17.25 23.83 19.59 19.18 27.51 27.68 24.78 26.17 29.49 23.96 28.54 29.24 26.63 13.64 31.94 27 6.67 23.86 16.57 20.71 16.31 25.2 15.32 15.51 27.16 20.18 13.28 17.34 26.99 18.68 11.85 14.48 19.13 20.17 11.86 16.06 11.4 31.21 11.79 26.9 19.32 25.23 16.39 17.6 10.24 29.55 27.37 12.02 0 27.2 35.07 33 21.35 19.01 16.86 20.74 11.5 23.61 7.91 18.61 
18.22 23.76 22.55 25.65 16.53 7.85 2.64 9.69 7.45 22.2 16.24 25.11 20.39 16.79 35.09 11.94 26.35 18.7 36.5 24.71 3.44 4.18 24.46 22.58 14.47 10.24 4.75 13.37 13.78 20.89 13.13 22.08 12.53 14.68 6.59 16.08 3.66 13.64 21.88 9.16 7.92 17.86 18.08 16.79 28.98 28.15 18.74 29.17 26.45 23.32 14.39 16.55 20.88 17.38 13.84 19.63 2.1 13.26 20.4 18.59 18.63 10.19 19.81 27.2 0 25.11 21.42 23.6 21.41 13.27 23.26 18.47 13.26 19.99 12.68 
28.18 27.04 7.35 11.23 10.75 25.44 23.44 22.98 28.43 25 10.66 27.52 13.09 23.75 27.79 31.26 13.92 15.5 29.42 8.79 28.55 21.73 10.11 5.63 13 14.89 20.98 12.24 25.75 4.29 12.31 34.59 14.4 34.12 26.28 19.5 22.03 22.43 19.83 15.99 22.33 35.19 17.83 9.5 21.18 26.54 20.67 20.94 17.66 23.67 20.77 25.75 4.57 24.28 11.73 15.75 25.68 21.27 17.53 25.6 6.9 14.96 23.1 35.07 25.11 0 3.7 14.72 16.29 20.63 15.18 34.43 14.04 32.66 19.02 
25.57 25.22 6.66 11.39 7.85 22.03 19.79 19.71 24.93 23.12 7.65 25.86 11.51 21.2 27.78 27.92 13.91 13.48 29.43 8.94 24.86 18.09 9.99 4.98 9.9 11.2 17.29 8.72 22.8 1.07 8.74 31.97 11.08 30.84 22.79 16.98 18.38 19.55 18.26 12.31 18.93 32.11 15.66 6.39 20.86 25.45 18.52 20.69 17.22 22.06 18 23.08 1.87 21.78 8.22 13.93 22.02 18.36 15.8 23.19 3.66 11.28 20.99 33 21.42 3.7 0 13.89 14.84 17.72 14.23 31.45 10.82 29.95 16.03 
16.56 13.1 7.44 4.55 9.11 19.32 21.05 16.11 22.72 11.34 9.62 13.28 3.51 12.52 14.24 23.51 3.19 5.02 15.9 6.28 26.45 19.42 4.9 9.22 9.98 16.74 21.77 12.65 16.2 12.91 13.14 22.56 11.66 25.67 20.86 9.26 19.95 13.16 5.93 16.44 16.82 25.32 6.64 10.25 7.17 11.82 8.45 7.09 3.58 9.51 11.36 14.7 12.06 12.74 12.49 4.22 22.91 12.5 4.64 13.53 11.54 15.78 10.28 21.35 23.6 14.72 13.89 0 2.95 12.04 0.64 24 10.9 21.07 11.56 
13.68 10.83 8.98 7.27 8.61 16.61 18.81 13.41 20 8.89 9.11 11.23 3.34 9.58 14.79 20.61 6.12 2.79 16.4 8.55 24.1 17.26 7.25 10.67 8.76 15.55 20.03 11.72 13.27 13.79 12.21 19.77 10.14 22.74 18.21 6.39 17.81 10.28 3.55 15 14.28 22.37 3.78 10.04 7.93 10.68 5.53 8.01 5.04 7.38 8.51 11.77 12.97 9.82 11.67 1.82 20.56 9.69 1.7 10.67 11.93 14.48 7.5 19.01 21.41 16.29 14.84 2.95 0 9.26 2.34 21.07 9.42 18.21 9 
8.19 11.12 14.7 15.55 9.91 7.38 10.66 4.2 10.74 9.27 10.08 12.37 9.83 4.44 21.85 11.66 15.19 7.17 23.24 15.76 15.44 9.53 14.88 15.74 7.86 11.69 13.46 10.05 5.13 16.73 10.35 14.41 7.22 14.13 9.02 3 10.06 1.83 8.77 10.36 5.45 14.64 5.5 11.33 16.06 14.95 5.48 16.3 14.07 10.09 1.12 5.67 16.18 5.14 10.4 7.83 11.98 0.64 7.84 6.68 14.07 10.52 6.71 16.86 13.27 20.63 17.72 12.04 9.26 0 11.51 13.8 7.15 12.32 1.81 
15.92 12.49 7.86 5.18 9.11 18.82 20.69 15.61 22.22 10.71 9.62 12.69 3.45 11.89 14.12 22.94 3.79 4.59 15.77 6.84 26.06 19.08 5.47 9.63 9.83 16.62 21.54 12.58 15.61 13.23 13.07 21.92 11.45 25.08 20.38 8.7 19.62 12.6 5.3 16.26 16.37 24.69 6.08 10.32 7.05 11.36 7.82 7.01 3.56 8.91 10.81 14.08 12.38 12.11 12.44 3.74 22.52 11.96 4.02 12.89 11.75 15.64 9.64 20.74 23.26 15.18 14.23 0.64 2.34 11.51 0 23.37 10.7 20.43 11.1 
7.61 14.05 28.31 28.26 23.7 11.4 17.09 12.23 11.08 14.3 23.83 15.15 22.9 11.51 27.67 6.74 27.12 20.06 28.44 29 17.91 17.5 27.93 29.47 21.55 23.47 21.84 23.27 8.68 30.48 23.46 4.86 20.54 5.17 12.04 15.4 17.73 12.02 18.56 21.9 13.73 1.84 17.75 25.07 24.75 19.6 15.56 25.15 24.55 16.59 13.76 9.31 29.96 11.26 23.69 20.35 16.36 13.16 19.37 10.65 27.8 22.51 14.02 11.5 18.47 34.43 31.45 24 21.07 13.8 23.37 0 20.67 4.05 15.43 
15.31 16.78 9.54 12.4 3.57 11.5 10.92 8.93 14.66 14.66 3.47 17.78 7.44 11.2 24.19 17.22 13.3 6.68 25.78 11.51 16.44 9.16 11.19 9.97 1.24 6.17 10.9 3.02 12.08 9.9 3.42 21.57 0.77 20.08 12.53 7.4 9.64 8.97 11.43 5.59 8.4 21.29 7.5 4.55 17.34 19 9.84 17.41 14.19 14.49 7.68 12.78 9.48 11.86 3.3 7.64 13.05 7.76 9.13 13.39 7.2 5.06 12.12 23.61 13.26 14.04 10.82 10.9 9.42 7.15 10.7 20.67 0 19.46 5.36 
4.58 10.15 26.11 25.48 22.1 12.28 18.17 12.04 13.04 10.65 22.32 11.18 20.43 8.99 23.68 9.36 24.09 17.63 24.41 26.49 20.07 18.19 25.32 27.43 20.16 23.22 22.67 22.3 7.61 28.94 22.56 2.21 19.48 8.76 13.4 13.19 18.52 10.5 15.36 21.7 13.85 5.89 15.24 23.59 21.09 15.64 12.72 21.51 21.21 12.95 11.96 6.91 28.34 8.55 22.67 17.76 17.93 11.7 16.53 7.54 26.31 22.15 10.82 7.91 19.99 32.66 29.95 21.07 18.21 12.32 20.43 4.05 19.46 0 14.1 
10 12.55 13.38 14.69 8.28 7.82 10.04 4.66 11.23 10.59 8.4 13.74 8.95 6.14 22.47 12.75 14.62 6.55 23.92 14.65 15.16 8.69 13.89 14.3 6.13 10 12.29 8.24 6.77 15.05 8.55 16.21 5.41 15.39 9.31 3.51 9.24 3.6 9.22 8.73 5.28 16.18 5.44 9.64 16.32 15.96 6.3 16.52 13.99 11.12 2.58 7.48 14.53 6.84 8.59 7.36 11.63 2.4 7.8 8.39 12.37 8.81 7.98 18.61 12.68 19.02 16.03 11.56 9 1.81 11.1 15.43 5.36 14.1 0 
7.51 16.73 22.13 25.46 8.71 22.37 12.11 7.31 3.59 11.65 8.81 14.83 4.93 14.74 8.55 16.2 13.62 22.91 28.29 11.29 10.72 14.47 23.28 17.37 27.99 21.52 13.76 4.08 33.95 10.07 5.2 17.73 8.39 6.3 10.76 14.78 5.75 13.79 11.46 14.97 6 12.19 9.87 23.13 11.27 6.49 24.58 13.66 10.43 4.92 3.61 16.09 4.7 22.07 8.95 23.38 8 10.65 3.22 29.06 15.14 4.23 7.55 21.09 26.52 25.6 13.12 10.29 9.89 12.05 8.18 15.39 6.18 14.88 10.14 10.22 22.6 24.21 15 17.26 16.07 2.92 12.28 0.99 7.09 9.71 15.54 24.32 18.84 15.04 20.94 9.65 30.79 15.43 19.01 14.8 24.96 14.53 19.9 15.66 5.64 16.05 11.71 7.62 20.18 13.56 13.86 10.67 12.61 11.73 9.59 18.8 21.31 14.63 13.23 16.44 7.41 7.39 3.78 5.82 8.62 2.1 8.74 8.78 28.52 9.42 26.01 9.06 18.56 15.51 8.48 7.37 25.01 26.46 2.58 9.35 28.33 14.73 37.82 12.86 8.55 7.85 15.77 15.19 21.86 5.4 17 3.17 6.94 31.07 11.35 10.3 21.27 10.98 5.23 11.6 5.53 16.51 17.68 26.95 6.95 6.72 25.69 3.79 19.67 23.65 3.05 2.6 8.04 12.24 27.69 5.79 23.71 3.1 10.46 17.11 9.48 25.58 21.69 16.38 18.37 15.35 16.8 14.85 9.45 21.12 14 8.52 14.37 16.55 19.75 20.2 13.47 11.3 16.3 24.51 3.23 17.74 9.26 11.79 12.8 22.37 7.96 19.36 3.84 6.85 12.76 21.74 20.62 8.83 7.39 9.55 5.56 17.07 4.34 26.38 9.29 18.86 9.36 9.67 12.5 30.44 27.21 14.65 11.43 5.83 17 4.36 9.52 20.28 23.46 2.76 4.67 22.82 3.13 20.19 15.04 1.64 6.08 15.5 25 27.08 14.03 16.65 11.74 16.08 36.41 7.34 30.21 22.72 13.81 22.74 20.4 9.97 8.87 28.85 21.98 15.18 12.39 12.59 12.05 15.11 7.67 7.27 13.92 13.18 20.86 6.04 17.75 14.21 4.54 18.04 19.35 9.06 12.56 5.1 15.6 7.71 35.8 22.65 11.13 14.08 3.71 5.26 16.86 4.83 29.18 8.45 32.79 10.15 16.01 9.15 12.07 11.96 11.45 0.4 27.07 7.99 13.69 29.4 23.04 10.49 7.64 14.33 11.37 28.13 17.05 11.56 7.1 2.83 6.48 18.09 2.58 13.66 6.53 3.44 19.8 3.7 17.91 20.39 7.19 16.95 12.01 14.43 11.78 10.87 26.39 5.96 1.57 23.05 23.83 7 12.84 7.08 12.86 12.9 10.35 3.79 12.47 4.13 8.02 11.89 13.9 7.38 22.36 3.38 6.71 7.82 13.75 16.07 10.57 6.04 10.7 6.33 12.04 8.83 23.83 2.54 16.76 9.26 6.84 3.27 5.08 18.22 21.92 22.85 18.09 5.73 36.65 7.65 14.37 13.49 29.44 24.9 9.13 4.77 23.17 26.51 9.48 8.99 9.16 10.91 8.92 26.26 12.04 13.52 13.63 10.35 1.42 13.78 7.44 4.34 16.79 8.32 3.04 10.97 12.76 16.6 21.15 17.97 10.83 14.64 31.16 20.89 9.83 8.04 12.95 11.49 12.03 15.92 5 10.44 14.35 6.35 9.68 14.29 11.63 26.38 9.21 16.27 14.68 10.25 20.36 10.57 22.82 8.37 16.39 17.37 5.93 8.7 5.71 16.22 8.9 30.81 12.02 18.2 24.05 11.87 29.62 21.07 22.45 12.95 6.62 1.07 30.42 17.93 11.03 6.79 2.93 11.07 7.3 15.69 8.99 11.84 13.6 16.68 3.61 6.95 1.49 5.78 12.35 5.09 5.37 13.84 19.65 10.31 30.18 14.98 18.47 31.73 13.27 25.28 8.99 9.08 24.56 19.57 15.5 14.8 2.05 15.25 17.29 19.64 11.85 4.62 16.83 31.47 3.68 26.09 22.11 25.04 11.13 8.27 21.06 14.6 9.08 11.92 9.74 8.85 15.27 16.19 21.63 16.94 5.12 33.45 8.2 10.93 11.98 36.86 25.99 13.73 8.76 23.17 26.6 10.5 11.18 12.9 16.15 3.75 15.49 9.49 21.2 11.5 13.95 5.64 5.5 4.4 5.6 7.83 13.8 2.91 9.27 10.24 13.68 15.19 25.85 13.88 13.22 21.84 14.29 5 4.5 18.54 11 9.1 10.87 7.55 2.27 6.82 8.5 16.49 5.42 5.61 25.33 9.95 17.38 23.33 20.24 18.5 5.16 23.1 9.81 7.49 12.6 4.39 17.51 13.3 14.82 22.96 6.96 26.98 5.12 22.86 14.25 30.73 25.72 7.52 6.63 20.3 26.37 17.32 11.12 13.11 14.83 7.81 21.48 13.79 19.91 11.44 10.05 2.18 18.67 4.37 8.21 11.74 13.12 3.62 8.44 11.5 26.62 33.22 24.84 21.47 23.04 33.23 18.81 13.03 15.16 15.96 15.93 19.23 10.33 3.24 6.28 18.12 12.18 24.4 7.74 14.08 14.17 3.93 42.36 22.97 30.21 13.74 6.94 11.19 10.21 15.55 19.54 7.78 8.72 3.87 10.63 5.82 16.35 17.61 10.62 11.75 18.14 10.83 34.7 16.83 10.28 28.52 11.12 15.34 19.77 15.02 13.41 15.7 18.98 15.55 22.4 17.41 19.53 8.24 18.91 6.19 3.67 19.57 7.84 19.23 6.25 17.07 15.11 4.88 2.51 14.3 13.97 3.14 7.2 9.63 31.08 2.56 25.1 5.06 19.73 11.42 5.65 5.35 21.9 27.01 2.99 7.08 16.28 15.47 32.32 7.57 9.04 9.03 6.52 7.94 14.12 13.46 14.95 18.13 3.13 11.66 21.39 16.71 13.91 8.21 29.68 11.08 13.55 11.7 12.48 7.83 3.42 5.57 12.63 3.3 9.62 3.7 4.38 15.21 4.45 16.33 17.04 6 18.25 17.4 6.69 9.74 14.78 34 8.22 1.34 23.15 21.57 8.91 13.09 8.63 13.41 13.98 9.45 6.73 9.51 2.66 9.78 16.56 10.73 13.06 20.45 2.32 8.27 12.39 15.19 16.29 6.54 5.35 7.82 13.03 8.98 8.41 31.38 4.84 13.09 5.15 10.06 7.61 10.73 20.77 15.39 15.18 13.45 23.41 39.36 24.01 11.13 28.55 20.71 20.8 33.1 29.81 9.42 25.01 21.7 17.45 10.62 24.37 24.59 14.05 11.28 7.95 11.27 31.36 21.79 15.46 14.59 21.21 8.76 6.18 7.54 15.62 7.65 4.04 8.66 8.89 34.78 5.11 26.03 9.36 16.52 9.83 13.64 6.88 15.15 33.15 5.81 5.88 27.35 36.18 27.02 6.65 5.77 17.34 11.36 22.48 21.97 9 11.01 16.18 15.08 13.58 4.25 1.73 28.66 4.67 18.41 8.77 2.88 9 3.36 12.32 23.14 9.55 21.73 6.06 5.73 23.78 6.21 18.02 19.94 7.46 14.11 13.92 7.68 16.28 19.37 23.29 4.39 3.96 14.12 19.09 5.65 9.98 6.82 12.58 7.33 20.41 11.69 13.08 12.46 1.83 17.68 8.75 3.11 17.44 12.58 12.05 7.57 29.44 27.74 17.68 12.52 2.4 3.52 10.49 4 33.15 4.66 24.58 10.77 23.31 12.3 16.69 7.21 24.02 18.72 20.4 16.5 14.28 12.61 17.08 15.3 8.88 18.66 4.71 27.84 13.87 5.64 7.4 10.71 15.21 5.93 10.04 3.4 9.43 8.44 9.21 11.48 4.15 12.53 14.88 10.68 5.07 20.95 15.79 7.81 2.17 1.79 16.65 0.76 14.65 11.91 13.88 3.28 5.05 2.79 14.67 17.4 2.16 18.05 25.01 21.92 13.81 11.78 5.58 6.55 13.37 9.01 7.43 10.27 6.65 22.13 11.11 19.41 1.05 28.06 31.61 31.2 18.96 12.61 32.71 32.48 18.93 22.04 28.83 27.23 14.11 15.23 15.08 44.43 19.15 9.64 28.89 17.39 17.66 17.2 31.65 39.61 19.45 14.31 7.02 9.67 23.04 10.66 14.43 16.86 19.02 14.99 19.39 26.54 22.62 18.36 40.17 31.57 9.25 23.78 18.23 32.53 17.19 17.89 18.39 27.33 19.37 20.89 12.17 12.9 13.33 38.41 28.35 27.13 14.71 36.58 10.44 26.88 22.52 9.3 12.09 22.41 29.15 22.12 18.91 11.94 15.51 6.13 32.99 17.76 9.1 23.2 3.4 6.86 11.06 13.34 12.25 23.72 18.4 5.36 3.75 16.54 12.1 24.83 18.92 13.47 15.45 25.78 25.49 17.2 10.19 25.78 8.22 22.02 12.29 14.04 14.89 18.63 14.85 12.22 16.9 11.24 22.62 14.49 23.35 19.14 12.38 13.14 7.93 24.11 3.72 11.3 11.67 14.53 5.9 20.89 4.56 28.89 28.58 3.77 9.03 8.31 22.22 14.28 9.83 25.22 7.5 21.05 21.8 21.04 26.56 35.8 16.96 14.95 11.51 12.75 25.75 15.04 22.18 14.04 7.12 5.6 17.97 10.65 7.56 2.96 6.4 16.67 9.4 18.32 10.31 15 10.79 24.39 15.79 7.12 13.65 12.49 25.16 8.57 29.21 32.35 16.93 8.77 2.93 5.47 17.13 4.69 35.16 12.23 35.48 14.01 20.35 11.23 26.02 16.81 8.11 9.59 3.23 18.52 25.62 8.13 12.27 8.53 12.44 19.67 5.03 13.49 23.59 6.44 16.98 10.09 3.11 7.35 10.9 26.15 1.41 9.43 12.95 15.37 6.65 13.17 8.15 10.28 4.31 9.49 16.46 5.71 4.67 1.43 13.92 6.24 2.56 11.7 13.73 9.07 3.89 23.15 16.68 15.04 6.88 4.87 3.46 3.83 3.06 10.83 9.07 20.05 5.54 15.95 41.5 16.53 12.14 29.51 36.29 17.56 52.13 41.89 16.98 31.58 40.9 35.37 22.42 43.17 23.56 15.19 30.91 16.11 9.81 39.05 23.81 18.62 23.25 24.39 6.56 6.41 9.83 12.94 16.45 9.01 14.59 30.05 37.47 15.59 30.77 16.81 38.59 23.83 17.8 28.36 35.87 26.45 20.41 10.65 29.32 17.19 28.86 10.83 11.2 31.37 12.34 14.55 30.57 19.01 12.38 24.38 23.97 1.71 3.7 13.44 18.36 14.42 5.87 26.16 9.57 14.1 27.91 11.37 28.4 24.83 8.07 13.59 17.48 7.79 11.62 18.98 36.4 7.33 11.85 17.86 17.51 15.56 16.99 6.88 18.05 18 13.69 6.6 26.36 12.59 8.31 36.43 10.78 14.61 25.48 9.26 17.54 20.87 29.88 31.4 12.68 5.32 3.94 12.02 16.55 5.12 40.8 16 29.9 16.21 9.31 27.89 17.63 16.24 7.44 10.6 23.54 14.54 14.85 10.12 25.93 13.67 17.23 6.63 20.99 5.79 10.06 30.9 17.98 13.47 11.32 30.71 10.32 34.78 37.91 12.68 37.37 26.91 29.38 15.84 20.03 25.19 24.24 15.05 26.4 3.97 11.55 22.39 22.91 20.4 8.4 24.61 35.75 1.81 30.53 25.91 37.6 28.9 21.62 35.86 11.16 15.29 10.35 9.75 12.21 10.13 11.42 4.43 2.93 13.89 15.62 23.77 12.01 20.75 5.46 14.98 7.78 7.57 0.58 10.39 19.07 7.11 2.58 18.7 18.37 7.74 24.44 18.88 12.15 33.39 23.65 13.48 9.2 16.32 15.89 17.95 6.53 20.94 4.92 12.23 19.87 16.56 15.44 5.3 18.1 28.07 4.57 20.2 10.3 15.86 17.29 11.91 25.7 9.43 7.09 10.06 10.74 5.52 11.71 8.49 24.67 6.75 11.84 8.66 9.5 21.38 7.77 41.55 24.97 18.88 26.01 15.65 12.05 17.39 27.21 25.19 7.5 8.19 9.39 9.89 8.98 6.5 4.57 13.98 9.89 20.79 9.3 19.6 6.53 4.21 31.48 19.3 6.17 13.45 12.94 21.19 22.03 22.45 24.58 6.78 8.62 7.02 9.09 7.83 6.23 34.45 6.45 20.6 9.64 5.08 8.09 9.58 10.66 28.28 5.88 9.36 36.93 6.79 27.66 23.22 18.77 18.69 9.2 19.12 17.86 22.16 21.65 9.33 3.69 16.55 15.93 15.67 22.34 13.73 15.14 21.07 30.76 2.73 15.43 11.3 10.7 13.02 10.6 7.55 15.74 4.42 18.04 10.28 22.75 30.11 5.99 3.8 9.01 9.41 7.97 7.18 38.41 7.59 19.83 18.25 9.09 17.51 3.65 13.82 6.09 3.48 24.49 2.44 20.28 7.54 8.22 15.93 13.32 11.28 4.12 14.16 21.29 6.44 4.32 9.53 26.29 8.74 14.27 19.61 7.93 10.64 18.71 7.38 18.16 2.33 10.54 9.87 10.29 6.91 15.24 5.19 6.41 12.41 15.25 9.45 10.06 7.39 7.61 8.97 5.72 14.71 17.54 1.27 11.45 5.71 5.07 5.22 13.26 5.42 4.33 19.26 3.01 15.44 10.94 8.44 8.57 13.08 8.89 1.95 13.65 27.54 10.33 6.46 14.49 16.35 8.45 32.23 14 23.71 9.92 19.45 7.28 18.31 4.03 10.35 10.87 6.45 11.28 25.78 11.22 1.08 23.28 21.29 9.79 17.62 11.78 8.41 17.67 9.62 11.98 15.17 3.21 28.27 9.52 12.27 10.39 14.41 13.63 19.45 9.85 19.73 5.52 23.04 5.31 19.8 23.61 3.68 9.91 12.29 17.57 18.13 39.9 35.95 21.66 29.25 32.17 28.18 9.17 24.36 12.78 19.73 6.4 21.1 4.45 14.96 18.59 28.56 17.66 7.06 26.88 21.78 6.46 25.29 17.02 25.87 22.19 19.26 25.27 26.46 13.76 32.77 14.74 12.83 11.49 0.65 25.99 2.15 12.09 11.22 7.85 6.27 9.58 15.31 5.07 5.24 13.73 14.87 1.97 11.55 13.47 16.24 17.87 10.02 19.25 9.3 23.11 7.66 18.2 0.42 13.1 19.29 14.58 12.27 21.45 6.87 3.57 19.27 22.71 6.82 14.98 12.92 13.66 14.61 6.28 8.42 18.75 2.83 28.26 11.49 23.15 18.12 8.85 10.7 11.82 9.74 6.86 9.56 3.13 11.96 16.81 4.49 11.72 7.21 13.09 14.31 13.69 10.97 26.09 14.25 9.79 7.28 3.93 27.1 3.46 9.68 12.36 13.92 2.47 13.67 7.26 11.54 17.74 10.19 20.16 12.37 23.89 24.12 19.41 17.72 3.91 15.6 9.34 6.57 8.84 8.13 11.37 46.36 9.66 42.41 25.63 18.36 17.52 19.45 23.52 8.1 26.71 22.46 18.75 7.6 17 35.71 19.24 23.84 21.64 11.1 21.79 16.41 0.89 17.46 4.04 14.99 18.91 18.36 21.24 33.1 2.23 13.45 12.12 20.27 21.79 5.39 0.64 12.85 7.2 9.38 17.66 22.86 13.49 26.7 18.93 17.66 2.16 11.88 14.07 9.17 11.5 10.15 11.08 5.65 12.49 23.54 13.57 2.22 13.98 19.65 17.9 22.42 24.03 16.04 13.71 17.11 9.46 17.84 1.03 5.76 17.91 6.01 8.96 16.28 6.02 3.63 19.37 24.97 6.83 7.66 10.7 8.81 12.57 8.38 11.02 29.89 1.72 30.4 9.35 29.42 11.17 10.07 20.71 31.02 9.29 10.38 17.01 19.11 6.32 16.36 15.94 11.26 12.17 16.18 12.73 30.71 11.19 12.24 9.45 41.43 13.72 36.44 27.2 26.32 9.5 27.06 8.95 38.76 12.85 15.86 8.68 16.84 18.94 32.99 12.78 23.94 13.29 30.75 4.26 19.29 2.96 15.03 21.76 13.2 5.06 8.06 12.06 17.64 5.69 7.73 21.65 7.01 2.83 23.65 12.72 9.55 25.92 21.5 16.48 8.79 17.75 6.67 7.68 1.78 7.48 14.87 11.7 13.09 9.85 5.52 4.92 7.17 21.09 10.84 14.04 11.17 15.81 10.05 7.58 14.57 27.76 0.68 18.45 4.13 11.03 14.49 8.98 14.48 21.61 13.85 7.77 5.52 12.33 21.41 37.29 23.6 10.01 23.44 33.22 28.71 19.69 6.88 39.07 15.05 14.16 23.25 11.8 19.6 15.09 13.42 32.72 27.2 16.6 8.81 16.74 29.99 23.88 36.3 31.7 15.79 19.86 4.17 11.31 8.11 22.05 8.73 6.97 7.65 26.28 12.35 5.66 7.58 7.99 25.23 21.37 21.23 15.55 34.21 26.95 20.49 10.73 11.06 17.24 7.09 18.61 22.32 6.45 4.77 19.73 8.33 12.44 17.84 21.72 17.15 8.47 36.48 30.35 12.71 25.64 13.2 21.2 8.23 10.98 20.08 4.85 17.59 2.33 5.14 15.71 8.41 22.5 3.24 13.85 9.57 16.59 1.84 11.17 13.68 8.45 1.27 5.62 12.63 7.07 14.72 7.15 19.44 2.51 6.49 8.96 18.5 8.99 2.39 18.73 12.01 27.47 18.34 9.14 4.94 2.78 12.06 13.03 6.06 9.43 5.24 7.39 21.71 4.97 7.6 14.78 9.26 13.38 34.5 22.75 10.45 13.29 33.38 25.95 14.39 19.84 12.48 19.68 14.7 8.03 4.63 12.33 16.32 15.97 15 8.34 10.77 18.11 4.86 15.38 20.28 18.11 19.63 11.39 19.4 13.23 6.07 17.64 13.58 13.13 7.78 3.98 18.57 5.89 11.33 24.26 19.24 6.72 16.29 17.2 5.2 2.56 2.12 20.75 2.03 14.88 11.46 9.66 1.79 11.78 5.85 22.43 7.89 7.02 11.73 13.08 28.7 22.07 14.3 13.57 2.12 15.2 9.99 10.88 8.88 4.51 20.52 10.27 29.23 2.16 14.14 10.7 8.68 2.26 4.26 8.24 4.14 8.76 5.03 17.71 9.46 9.96 2.6 21.12 6.89 2.72 5.45 15.42 10.84 6.66 21.41 13.26 12.48 11.69 4.19 3.34 9.98 3.7 12.91 15.11 19.2 12.71 12.23 30 13.62 8.24 25.76 18.45 11.95 29.72 16.82 14.48 16.93 18.13 14.06 16.36 6.01 12.36 5.61 7.01 18.13 12.83 5.01 1 21.64 14.89 5.62 13.54 12.93 14.19 13.73 10.9 12.04 25.61 6.49 31.31 6.14 11.74 15.85 9.74 30.19 15.68 8.78 21.88 22.18 8.69 5.32 4.95 24.6 13.31 6.82 8.91 4.17 8.03 13.65 11.56 17.05 11.02 16.45 28.28 6.48 19.54 19.43 20.13 21.13 4.59 8.81 11.09 7.48 10.93 7.48 23.61 26.4 30.05 31.46 10.08 19.23 34.58 15.16 15.33 10.46 19.76 7.18 12.78 20.64 11.07 13.39 21.82 17.71 15.5 30.58 8.93 15.66 24.32 23.63 17.35 13.07 18.75 8.49 25.94 1.83 24.03 6.97 10.5 13.18 15.83 16.53 2.08 13.12 11.35 8.04 2.65 11.4 19.02 3.9 10.08 2.12 14.78 4.56 1.42 10.08 9.34 16.5 4.47 23.74 26.2 17.71 21.37 9.3 4.14 4.08 7.7 15.59 4.63 8.41 4.72 9.32 26.32 9.74 19.38 14.27 15.16 13.22 10.64 6.26 11.93 4.2 11.77 22.28 11.87 5.37 14.36 2.77 4.91 10.02 31.49 18.88 7.27 4.06 14.9 11.84 11.94 10.11 26.4 4.1 11.92 7.63 9.23 13.81 0.31 3.89 8.13 18.86 15.96 13.53 18.69 20.22 5.09 32.73 9.13 9.25 8.32 12.94 32.77 6.24 13.18 34.32 21.7 14.21 10.3 5.85 17.51 9.9 16.14 12.97 10.63 15.11 5.29 5 8.39 3.6 16.89 17.67 25.4 14.83 19.83 15 29.47 21.99 8.36 6.85 20.6 28.79 5.32 15.8 17.08 36.02 14.28 14.37 14.79 11.6 12.37 18.54 20.09 17.53 21.24 11.11 11.44 6.37 4.36 9.11 16.98 2.58 12.57 6.82 10.19 7.01 2.18 3.44 16.04 12.5 3.36 15.1 23.57 27.17 12.23 8.03 5.16 7.26 4.63 9.16 7.07 8.2 5.36 4.94 5.47 13.47 17.11 22.62 18.81 17.94 5.84 25.58 9.71 9.04 21.85 18.07 27.76 5.77 25.63 38.61 14.93 20.8 9.44 8.29 15.43 3.62 16.45 9.81 12.97 14.62 5.24 8.38 15.43 15.79 18.18 11.92 4.22 18.68 17.11 8.03 18.13 16.88 11.6 13.76 20.53 18.63 14.81 15.23 4.5 5.39 15.44 4.04 26.77 17.04 29.99 11.71 7.38 11.99 22.62 4.57 22.24 7.85 20.52 11.91 4.3 7.26 13.42 21.61 4.6 14.47 17.3 17.21 30.28 7.27 5.73 14.25 10.83 13.2 8.55 14.92 15.16 7.38 19.97 6.35 7.98 9.01 10.48 1.43 8.62 6.65 15.19 15.29 6.16 15.83 19.88 11.74 13.76 8.64 4.77 1.31 15.13 19.24 8.72 17.63 2.8 26.05 2.75 23.99 6.5 14.46 4.12 13.65 1.76 11.63 9.33 6.53 7.49 23.91 30.53 27.56 15 15.19 5.52 14.7 6.94 11.15 8.69 4.56 14.01 7.9 12.43 22.2 21.34 11.36 28.03 2.31 5.72 25.63 34.53 27.57 4.77 2.67 12.62 7.44 19.77 12.77 16.81 8.39 40.02 8.59 11.42 6.08 8.39 4.64 7.04 1.26 24.84 16.41 4.39 7.63 25.33 21.25 16.13 17.45 6.57 2.65 8.39 13.57 15.68 12.71 8.69 11.6 14.01 8.93 16.21 23.15 4.49 2.82 15.87 32.71 14.21 11.57 9.82 9.43 7.19 8.4 15.41 27.48 2.04 32.64 9.17 9.55 4.28 2.56 8.47 14.02 11.2 7.82 23.89 11.78 8.48 7.38 2.54 1.41 10.48 4.91 27.91 6.7 10.29 8.62 16.42 12.79 17.45 27.15 7.52 21.76 15.54 1.89 28.06 24.42 15.15 30.17 13.53 11.72 13.74 16.43 16.19 17.18 5.67 9.25 20.22 12.32 5.15 13.53 17.94 30.53 27.43 7.48 10.5 0.4 17.15 17.75 11.47 12.92 3.52 10.93 12.14 16.47 8.1 15.23 18.97 20.62 18.24 4.9 1.5 4.05 3.63 16.07 10.11 17.21 10.77 26.08 18.04 4.12 11.75 22.99 32.69 21.14 18.47 9.02 7.22 9.05 12.78 10 5.27 7.94 7.25 20.16 34.22 25.73 8.59 2.97 8.69 16.44 17.67 7.4 31.72 5.95 17.83 9.92 17.61 17.39 7.46 9.93 7.87 13.61 17.82 11.82 9.77 33.07 6.89 16.1 12.59 8.39 21.77 31.23 19.36 11.08 9.31 3.51 9.54 14.76 12.93 14.65 8.49 33.54 21.84 36.7 26.03 24.32 10.65 29.28 10.34 33.11 8.15 19.16 31.65 31.97 26.6 28.85 15.24 20.37 25.66 18.78 13.81 8.75 3.15 9.57 8.56 18.38 17.46 39.3 9.03 28.75 22.59 8.35 12.81 13.44 20.12 29.16 10.08 36.11 11.81 4.12 14.92 0.63 25.38 16.07 24.79 12.36 13.27 2.97 23.17 13.18 15.62 5.29 10.73 17.36 4.83 7.74 2.51 29.88 6.6 26.57 8.96 22.11 5.88 17.97 12.74 7.89 18.15 
1.54 2.07 2.3 1.75 2.44 1.61 2.02 1.72 1.49 1.31 1.58 1.65 2.61 1.42 2.53 1.21 2.64 2.56 1.82 1.59 2.77 1.49 1.27 1.37 1.23 1.56 1.09 1.53 2.65 1.85 2.69 2.81 1.71 1.05 2.03 2.27 2.16 2.24 1.58 2.01 2.21 2.33 1.48 1.22 2.85 2.12 2.83 2.81 2.64 1.32 2.4 2.34 1.68 2.24 1.41 2.5 2.07 2.04 1.56 1.55 1.01 2.3 1.71 1.24 2.92 2.49 1.18 2.74 2.07 2.99 1.81 2.01 2.27 2.36 2.88 1.42 2.85 1.46 2.79 2.33 1.88 2.74 1.26 2.48 1.77 1.32 2.68 1.94 1.86 2 1.74 1.97 1.55 2.04 2.18 2.6 2.4 1.4 2.21 2.84 2.84 1.12 2.51 1.79 1.6 2.98 1 2.58 2.01 1.49 2.82 2.6 1.12 1.11 2.33 1.15 1.06 1.53 2.43 1.28 1.95 2.51 2.3 2.68 3 2.64 2.18 1.19 2.32 1.68 2.56 1.13 1.96 2.95 2.37 2.35 1.12 2.89 1.95 2.08 2.74 1.28 2.53 1.36 2.05 1.96 2.51 2.51 2.68 2.77 2.91 1.04 2.92 1.79 2.96 2.53 1.26 2.61 2.67 2.25 1.91 2.24 2.57 1.23 2.02 1.78 1.3 1.61 2.91 1.85 2.95 2.27 2.27 2.85 2.37 1.3 1.38 1.7 1.7 1.57 2.65 1.77 1.4 2.65 2.19 1.07 2.27 1.42 1.16 1.53 1.74 2.01 1.41 1.01 1.65 1.83 2.68 1.9 1.98 2.67 1.8 2.52 2.01 2.52 3 1.29 1.91 2.23 2.84 1.8 2.79 2.55 2.1 2.39 2.26 2.6 2.24 2.47 1.97 2.21 2.51 1.99 2.4 1.77 2.01 2.99 2.2 2.49 2.49 2.66 2.22 1.43 1.84 2.51 2.45 1.23 2.22 2.63 1.66 2.86 1.09 2.63 1.67 2.58 1.16 1.35 2.61 2.43 2.52 1.25 2.63 2.73 2.19 1.49 2.68 1.69 1.93 2.03 1.63 1.87 1.08 2.35 2.81 2.97 1.99 2.58 2.32 1.78 2.29 1.92 1.17 2.89 1.98 1.68 1.26 1.7 2.91 2.57 2.85 2.61 1.53 1.5 1.96 1.88 2.03 2.63 1.53 1.08 2.37 1.16 2.38 1.55 2.97 2.24 1.47 1.17 2.17 2.33 2.82 2.56 2.6 1.28 2.92 1.19 2.07 1.34 1.48 1.05 1.37 2.78 2.17 2.66 2.68 2.49 2.63 1.53 2.89 2.97 1.12 2.17 1.61 2.24 1.8 2.17 1.79 2.75 1.08 1.15 1.38 2.58 2.06 2.84 1.43 1.73 2.56 1.39 1.17 1.07 1.25 2.84 1.66 1.87 2.92 1.03 2.47 2.37 2.26 2.6 2.56 1.03 2.37 2.23 2.79 2.2 2.34 1.35 2.15 1.04 1.28 2.83 1.61 2.9 1.2 1.07 2.15 1.36 2.43 2.29 1.98 1.29 2.41 2.09 1.93 2.54 2.37 1.27 2.3 2.33 1.47 2.86 1.91 2.4 1.34 1.44 2.1 1 1.36 1.72 1.58 1.57 3 1.23 1.77 2.01 2.4 2.63 1.09 1.15 2.22 1.66 2.16 1.4 1.89 2.96 1.23 2.68 2.78 1.89 2.75 2.54 1.99 1.23 2.82 1.64 1.02 1.12 2.87 1.62 1.3 2.88 2.73 1.51 1.9 2.41 1.83 1.61 2.86 1.81 1.61 1.21 2.37 2.21 2.54 1.93 1.59 2.57 1.62 1.03 1.38 2.31 1.19 2.17 2.37 1.64 2 2.34 1.52 1.46 1.23 1.87 1.52 1.46 1.11 1.28 2.82 1.23 2.8 2.34 2.65 2.1 2.04 2.6 2.45 1.64 2.68 2.24 2.44 1.02 2.2 1.45 2.53 1.03 2.16 1.43 2.34 2.87 1.45 2.97 1.82 1.73 2.38 2.79 2.42 1.09 1.44 2.09 1.49 1.78 2.6 1.91 2.95 1.77 1.68 1.42 2.97 2.8 1.42 2.74 2.29 1.47 1.1 2.77 1.44 1.65 1.04 1.51 2.57 2.88 1.91 1.13 1.94 2.16 2.6 2.3 1.48 2.38 1.2 2.33 2.79 1.05 2.2 1.03 1.99 2.27 2.9 2.67 1.43 1.36 2.42 2.96 2.11 2.04 1.4 2.78 2.48 2.58 2.36 2.53 2.68 2.45 1.24 1.44 2.91 2.06 1.07 1.32 1.02 2.97 1.03 1.26 2.34 1.01 1.57 1.32 2.82 1.88 1.04 2.36 2.45 2.08 2.42 1.24 1.7 1.84 1.13 2.23 2.83 1.28 1.54 1.8 1.27 1.49 2.26 1.38 2.78 1.58 2 1.75 2.46 1.46 2.47 1.21 1.01 2.66 1.72 1.52 1.59 2.08 2.46 1.69 1.43 2.73 1.12 1.02 2.09 2.95 1.47 1.01 2.77 2.38 1.11 1.34 2.04 2.85 2.86 1.56 2.54 2.02 2.66 2.56 2.2 1.51 2.15 1.5 2.61 2 2.53 1.3 1.57 1.12 2.45 2.61 3 2.05 1.23 2.81 1.08 2.51 2.4 1.87 1.66 1.24 2.47 2.49 1.69 2.48 1.85 1.48 2.26 1.63 1.17 1.67 1.68 1.68 1.67 2.42 1.84 2.05 1.05 1.31 2.76 2.48 1.4 2.18 2.59 1.74 2.45 2.01 1.65 2.71 1.12 2.65 1.68 2.45 2.13 1.35 1.8 1.16 1.11 1.74 2.92 1.62 2.8 2.01 1.28 1.61 1.61 1.29 2.5 2.76 1.16 1.28 2.41 2.49 2.63 2.52 2.83 2.63 1.54 1.01 1.64 2.56 1.7 2.14 2.18 1.41 1.48 1.11 1.02 2.77 1.42 1.94 2.57 2.29 1.76 1.52 2.37 1.93 1.53 2.4 1.39 1.13 1.94 1.9 2.7 2.48 2.5 2.64 1.18 2.42 2.21 1.25 1.98 2.28 1.12 2.19 1.43 2.75 1.09 1.98 1.09 2.28 2.62 2.52 2.25 2.89 1.29 1.16 1.42 2.32 2.1 1.03 2.28 1.25 1.23 2.8 2.65 2.91 2.29 2.64 2.19 1.83 1.1 1.22 2.53 2.93 1.65 1.58 2.66 1.84 2.37 1.09 2.58 1.44 1.63 1.13 1.98 1.55 1.55 2.82 1.77 1.29 2.82 1.55 1.95 1.99 2.07 2.7 2.55 1.07 2.41 1.54 1.38 2.62 2.01 2.37 2.29 2.68 2.24 2.07 2.17 1.23 1.75 2.65 1.14 1.16 2.19 2.33 2.79 1.65 1.8 1.47 1.84 2.56 2.26 1.26 2.12 1.38 2.41 1.24 1.48 1.35 2.14 1.41 1.3 1.55 1.65 1.02 1.03 2.6 2.99 2.55 1.27 2.43 2.76 1.89 1.45 1.34 1.19 1.67 2.68 1.37 2.19 3 1.04 2.67 2.14 2.49 1.7 2.47 1.23 1.17 1.62 1.11 1.9 1.31 1.47 2.4 1.69 2.68 1.79 2.81 1.04 2.81 2.2 1.92 1.85 2.93 1.18 2.83 2.46 1.64 2.75 1.99 2.04 2.42 1.83 1.26 2.93 2.45 2.32 1.21 2.45 2.16 2.07 2.79 2.92 1.29 2.4 1.82 2.87 1.77 2.39 2.46 2.51 1.58 2.26 1.2 2.46 3 2.96 1.5 2.88 1.9 2.94 1.73 1.46 1.57 1.49 1.01 2.27 1.53 2.86 2.63 1.02 2.86 1.07 1.71 1.64 2.43 1.59 1.67 2.9 1.75 1.72 1.68 2.39 2.78 1.67 2.72 1.06 2.24 2.44 2.23 2.22 2.94 2.3 1.81 1.76 1.42 2.49 1.51 2.75 1.02 1.04 2.71 1.02 2.97 1.7 2.23 1.31 2.77 1.65 2.63 2.46 1 1.78 1.59 2.83 1.13 1.79 2.06 1.1 1.91 2.24 2.91 1.33 2.32 2.89 2.58 1.05 1.97 2.22 1.33 1.92 1.24 1.65 2.42 1.28 1.15 2.12 1.71 2.4 1.34 2.05 2.45 1.31 1.01 1.35 2.26 2.95 2.55 2.9 1.63 1.09 2.06 2.09 2.33 2.15 2.68 1.74 1.17 2.67 2.01 1.13 2.16 2.45 1.49 2.47 1.78 1.85 1.14 1.55 2.57 2.07 2.3 1.28 1.84 2.21 2.18 2.37 2.89 2.78 1.7 2.2 1.02 2.49 2.03 2.61 2.45 1.35 1.47 2.81 1.86 2.73 1.65 2.59 2.61 1.86 2.07 2.32 1.77 1.64 1.56 2.04 2.16 2.84 2.62 2.99 2.64 2.74 1.94 1.82 1.55 1.38 2.5 1.97 2.63 1.73 1.86 1.41 2.09 2.92 1.3 1.18 1.94 2.48 1.65 2.96 2.23 2.76 2.29 2.89 2.43 2.7 2.15 2.82 2.89 1.93 2.33 1.59 1.53 1.75 2.73 1.5 1.37 2.97 1.73 1.56 2.04 2.29 2.86 1.16 1.19 1.64 1.71 2.88 1.61 2.11 2.06 1.68 1.72 2.75 2.47 1.03 2.69 1.91 1.59 2 2.02 1.72 2.58 2.64 2.29 2.86 1.95 2.34 2.42 2.52 1.19 1.2 1.71 2.63 1.11 1.59 2.52 1.34 1.3 2.98 2.13 2.9 1.78 1.12 2.7 2.42 1.88 2.52 2.57 1.27 1.46 2.8 2.02 1.53 1.4 2.7 1.64 2.85 2.13 2.29 1.94 2.15 1.67 2.21 1.08 2.22 1.88 1.26 2.04 2.92 1.58 1.37 1.72 1.04 2.76 2.77 1.77 1.31 2.87 2.09 1.12 1.72 2.62 1.25 2.24 1.77 1.83 1.26 1.33 1.41 2.62 2.22 1.97 1.01 1.01 2.8 2.75 1.55 1.25 1.85 2.54 2.13 1.14 1.22 1.68 1.72 1.9 2.94 2.52 2.07 2.76 1.54 2.26 1.25 2.62 2.64 3 1.67 1.92 2.88 2.15 1.26 1.89 2.03 1.62 1.11 2.02 2.27 2.15 2.06 2.51 2.01 1.97 1.84 1.54 2.49 2.22 1.12 1.15 1.09 1.62 2.27 1.82 1.64 1.03 2.82 2.16 1.01 1.76 1.65 2.74 1 1.77 2.1 1.36 2.6 1.06 1.55 2.48 2.91 1.79 2.21 1.78 1.37 1.12 1.9 1.35 2.18 2.62 2.53 1.44 1.58 2.67 2.51 1.41 2.13 1.42 2.4 2.97 1.56 2.87 1.03 2.38 2.31 2.95 2.62 1.45 1.88 1.35 2.47 1.22 2.02 1.16 1.45 2.28 2.66 1.92 1.17 2.07 2.38 1.1 2.14 2.7 1.87 2.27 2.38 1.78 1.88 2.45 2.94 1.69 2.47 1.6 2.13 1.82 2.2 1.51 2.62 1.61 2.69 2.67 2.93 2.06 1.82 2.81 2.29 2.18 1.48 1.28 1.48 2.3 2.11 2.85 1.17 1.88 2.29 2.08 2.47 2.24 2.63 2.05 2.43 2.04 2.87 2.46 2.32 1.22 1.22 2.1 2.74 2.32 1.04 2.12 1.01 1.78 1.68 2.12 2.13 2.66 2.46 2.98 1.65 1.57 1.38 2.23 1.83 2.9 2.25 2.7 2.36 1.15 1.13 1.26 1.77 2.68 2.88 2.71 1.97 1.59 2.96 2.52 2.69 2.94 1.8 1.82 1.81 2.18 1.78 1.7 1.49 1.87 1.31 1.88 1.52 2.52 1.18 2.43 1.28 2.69 2.2 1.73 2.6 1.8 1.15 2.06 1.05 1.27 1.65 2.81 2.31 2.96 1.89 1.53 1.25 1.88 2.82 2.91 1.44 2.14 1.45 3 1.85 1.05 2.62 1.97 1.98 2.6 1.58 1.67 1.83 1.21 1.53 1.89 2.83 2.47 1.53 1.44 1.11 2.56 1.39 2.07 1.79 2.41 1.56 2.85 2.06 2.66 1.02 1.47 2.98 1.36 2.95 2.49 1.64 2.38 2.09 2.02 2.8 2.45 1.65 1.22 2.66 1.39 2.66 2.68 1.67 2.49 1.98 1.47 1.95 2.17 1.26 2.9 1.65 2.01 2.46 1.18 1.93 1.69 2.37 2.65 2.46 2.75 1.55 1.73 2.3 2.97 2.34 1.94 2.83 1.59 1.3 1.33 1.95 1.14 2.93 2.75 2.65 2.18 1.31 1.04 2.56 2.85 1.33 2.66 2.36 2.8 2.16 2.36 2.48 2.4 1.68 2.54 1.03 2.08 1.56 1.17 2.34 1.12 3 2.63 1.98 2.56 1.67 1.24 2.95 1.35 2.79 1.79 2.37 2.85 1.3 2.18 2.88 2.21 2.78 1.66 1.13 2.91 1.19 1.08 2.44 1.18 2.95 2.32 2.82 2.1 2.21 2.31 1.2 1.89 2.83 1.87 1 1 2.73 1.21 1.82 2.05 1.64 2.33 2.39 2.74 2.69 1.92 1.89 1.01 1.83 1.36 2.39 1.27 1.05 1.11 1.58 1.47 2.96 2.07 2.81 2.71 1.79 1.67 1.37 1.58 1.35 2.58 1.77 1.38 1.54 2.51 1.87 2.15 1.83 2.05 1.38 1.26 1.29 2.25 1.6 2.88 1.58 2.13 1.41 2.03 2.28 1.17 2.59 1.79 1.7 2.93 1.15 2.7 1.6 2.72 2.28 1.27 1.28 2.7 1.17 1.28 2.08 1.29 1.23 1.54 2.82 1.53 2.92 2.65 1.89 2.15 2.86 2.49 2.15 1.28 2.6 2.22 2.44 1.02 1.16 1.52 2.06 2.99 2.97 1.86 1.93 1.94 2.44 1.22 2.3 2.98 3 1.26 1.42 2.86 1.18 1.15 1.03 2.46 1.5 2.21 2.27 1.59 1.74 1.52 2.74 1.15 1.24 1.93 1.99 1.42 2.01 1.06 1.94 1.39 2.33 2.94 2.06 2.89 1.25 2.57 1.01 1.35 2.07 2.93 1.59 1.52 1.88 2.97 1.81 1.39 2.85 2.34 1.15 1.63 1.14 2.73 1.49 1.23 1.7 2.19 2.49 2.1 2.87 1.86 2.26 2.24 2.26 1.87 2.19 2 1.23 1.52 1.1 2.74 2.22 2.82 1.56 2.41 2.59 1.89 1.57 1.94 1.42 2.27 2.38 2.23 1.06 1.73 1.53 1.86 1.36 1.05 2.46 1.8 2.44 2.4 2.87 2.71 2.9 1.36 1.66 2.81 1.87 1.26 1.17 2.89 2.4 2.44 1.44 1.85 1.5 1.88 1.73 2.81 2.95 2.27 2.71 2.38 2.5 1.27 1.07 2.31 2.47 1.59 1.44 2.29 2.48 2.06 2.69 2.85 1.36 1.25 2.77 1.79 1.53 2 2.91 2.77 2.32 2.37 2.18 1.02 1.85 1.83 2.73 1.53 1.87 1.74 1.84 2.05 1.33 2.98 1.19 1.08 2.42 1.85 2 2.25 1.68 1.29 1.63 1.8 1.74 2.38 2.74 2.41 1.76 2.87 1.01 2.26 2.88 2.2 1.86 2.26 1.79 1.7 1.88 2.79 1.88 2.99 2.69 2.29 2.56 1.54 2.13 1.45 1.51 2.91 1.56 1.52 1.69 1.54 2.62 1.71 1.04 2.54 1.82 1.28 1.03 2.03 1.02 2.14 1.89 2.49 1.49 2.77 2.58 2.41 1.62 2.16 1.52 1.21 2.93 1.07 2.17 2.64 2.92 1.86 1.14 2.77 2.77 2.8 1.31 1.19 1.49 1.71 1.42 2.48 1.41 1.73 2.74 2.77 1.69 2.37 2.22 2.77 1.07 2.75 2.43 1.92 1.41 2.28 2.41 2.85 1.4 1.39 1.16 1 1.82 1.63 1.65 2.59 1.03 1.85 2.21 1.73 1.23 1.9 1.97 2.08 1.69 2.44 1.43 1.13 2.6 1.78 1.71 1.61 1.7 1.49 2.57 1.12 1.55 2.78 1.17 1.15 1.83 1.26 1.38 2.27 1.95 1.12 2.34 2.35 2.98 1.38 1.14 1.6 1.7 1.37 2.75 2.16 1.97 2.71 2.53 2.48 2.46 2.2 1.18 2.54 1.36 1.26 1.22 2 1.53 2.27 1.31 2.43 3 1.69 1.91 1.13 1.45 1.74 1.55 1.14 2.05 1.18 1.8 2.2 1.8 2.27 2.91 2.44 2.52 1.21 2.48 2.84 2.9 2.6 2.51 2.18 1.06 1.26 1.54 1.41 1.76 2.41 1.46 1.95 2.73 2.59 2.65 1.25 1.49 1.85 2.64 2.99 2.86 1.93 2.91 2 1.4 1.72 2.45 1.82 2.64 1.32 2.73 1.41 2.57 2.79 2.46 2.06 2.81 1.79 1.81 1.4 1.55 1.74 1.2 2.14 1.79 1.04 2.59 1.39 2.24 2.83 1.98 1 2.92 1.48 2.12 2.37 1.53 1.88 2.53 2.09 2.56 1.62 1.84 2.46 1.15 1.65 2.93 2.71 1.73 2 1.2 2.8 1.37 1.93 1.13 2.2 1.89 1.03 1.72 1.17 2.77 1.04 2.84 1.24 2.69 2.51 2.23 1.77 1.92 1.79 1.23 2.01 1.54 1.51 1.16 1.16 1.22 1.06 2.75 1.73 1.78 2.23 1.98 1.62 2.61 1.59 2.85 2.43 1.87 1.51 2.94 1.27 1.31 1.85 1.55 2.69 1.72 2.76 2.96 1.71 1.56 1.64 1.63 1.45 1.96 1.57 1.27 1.62 2.5 1.9 1.79 1.68 1.96 1.69 1.3 2.7 1.68 2.4 2.93 2.19 1.54 2.53 2.23 1.38 2.97 1.63 1.57 1.46 2.59 2.96 2.93 2.52 2.4 2.52 1.76 1.12 1.01 1.27 1.55 1.08 1.63 1.97 2.82 2.05 2.38 2.63 1.37 2.07 1.96 2.89 2.96 1.8 1.57 1.04 2.6 2.24 1.94 1.76 1.14 2.62 2.81 2.92 1.95 1.65 1.25 2.57 2.85 2.96 1.03 1.12 2.47 1.7 2.21 2.21 1.72 1.49 2 2.31 1.46 2.65 1.83 2.74 1.53 2.59 1.83 1.03 1.97 1.41 1.39 2.65 1.59 2.19 2.86 1.35 2.67 1.58 2.04 2.89 2.82 1.71 1.23 2.56 1.57 2.67 3 2.54 1.32 1.51 2.86 2.97 1.78 2.26 2.77 2.57 2.25 2.74 1.05 1.57 1.36 1.71 1.38 1.55 1.3 1.25 2.28 2.02 2.85 1.71 1.72 1.55 2.89 1.16 1.93 2.14 1.22 2.17 1.56 1.68 1.54 2.66 2.02 1.81 1.53 2 1.14 1.93 1.68 1.68 1.07 2.6 2.65 2.75 1.15 2.98 1.63 1.92 1.66 1.64 1.16 2.47 2.15 1.83 1.1 2.17 2.38 1.34 2.91 1.41 2.52 1.65 1.05 2.52 1.5 1.14 2.9 1.68 2.33 1.52 1.44 1.69 2.56 1.09 2.88 1.21 2.83 2.19 2.91 1.15 2.48 1.98 1.38 1.36 2.2 1.69 2.57 2.51 2.91 2.68 1.16 2.55 1.65 1.24 1.85 1.65 2.29 2.16 1.11 2.34 2.77 2.96 2.1 2.06 1.39 1.08 1.98 2.84 1.49 1.6 2.4 1.05 1.23 1.74 2.2 2.72 1.83 2.29 1.33 3 2.73 1.62 1.36 2.77 1.5 2.35 2.72 1.57 2.45 1.11 2.4 1.8 1.85 2.84 1.25 1.11 2.31 1.57 2.98 2.21 1.43 2.62 2.57 2.65 1.54 2.76 1.3 2.03 1.96 1.8 2.51 1.45 2.16 2.65 2.04 2.27 1.77 1.82 1.42 2.9 2.96 1.31 1.98 1.03 1.94 2.77 1.48 2.19 1.08 2.56 1.73 1.11 1.73 1.56 2.65 2.09 1.85 1.67 1.4 1.68 2.39 1.34 2.24 2.69 2.46 1.27 2.63 2.23 1.1 1.56 2.98 1.15 1.92 2.96 2.1 2.04 2.49 1.4 2.45 1.5 2.49 1 1.25 2.19 2.51 1.78 1 2.34 1.68 2.3 2.25 1.18 2.14 2.99 1.53 2.48 1.95 2.06 1.59 2.79 1.14 2.42 1.03 2.93 2.33 1.29 1.89 1.66 1.89 2.34 2.62 2.46 2.32 2.94 1.52 1.11 2.97 1.73 1.01 1.46 1.64 1.42 2.59 2.95 1.02 1.88 2.48 1.64 1.85 2.39 2.44 1.19 2.53 2.28 2.55 1.72 2.15 2.57 1.63 1.86 1.49 2.24 1.64 1.31 1.32 1.32 1.5 2.52 1.21 2.7 2.99 2.59 1.18 2.69 2.01 2.35 2 2.16 2.24 2 2.42 2.83 1.56 1.63 2.96 2 1.33 2.18 2.51 1.99 2.47 1.59 1.8 2.65 2.15 1.41 1.31 2.16 1.11 2.19 2.45 1.11 2.3 1.74 2.83 2.88 1.37 1.89 2.94 2.89 2.86 2.41 1.03 2.85 2.43 1.22 1.02 1.44 2.19 1.77 1.41 1.9 2.74 2.76 2.13 2.24 1.65 1.02 1.05 2.48 1.41 2.77 2.79 2.36 1.22 1.92 2.19 1.77 2.29 2.99 2.76 2.23 1.45 2.6 1.85 2.96 1.6 2.23 2.48 1.52 1.04 1.12 1.85 1.42 1.51 2.36 2.9 2.65 2.81 1.49 2.37 2.3 2.28 1.97 1.42 2.74 1.13 1.26 1.7 2.07 1.52 2.02 1.34 1.34 2.06 1.38 2.23 2.64 2.41 1.73 1.85 2.07 2.64 1.7 1.84 2.94 1.1 2.24 1.58 2.44 1.14 1.09 1.94 2.53 2.68 2.41 2.49 1.66 2.39 2.86 2.96 1.56 2.81 2.49 1.64 2.26 1.79 2.64 2.46 2.41 1.43 2 2.85 1.96 2.89 2.2 2.46 1.6 2.73 1.41 2.47 1.31 1.31 1.16 1.6 1.22 2.63 1.78 1.11 1.48 2.32 2.63 2.44 2.93 2.77 2.83 1.49 2.19 2.75 1.06 1.73 1.79 2.06 2.21 2.11 1.05 2.6 2.06 1.71 1.66 2.53 1.72 1.01 1.78 2.88 1.97 2.07 1.33 1.08 2.81 1.47 1.62 1.29 1.72 1.72 2.02 1.21 2.37 1.88 1.2 2.07 2.6 2.44 1.19 2.81 2.52 1.33 2.29 1.63 1.94 2.65 2.39 1.78 2.19 1.61 1.57 2.42 2.87 1.24 2.93 1.98 1.2 2.72 2.39 2.59 2.18 1.31 1.46 2.84 1.71 2.59 2.41 1.72 1.95 1.76 2.2 1.12 2.11 1.15 1.43 2.79 1.29 1.25 2.06 2.7 2.7 1.73 1.28 1.53 2.16 1.82 2.9 2.33 1.55 1 1.19 2.56 1.12 2.68 1.1 1.35 2.15 2.66 1.98 2.91 3 2 1.22 1.41 1.15 1.17 1.46 1.93 2.77 2.54 1.84 2.43 2.21 1.65 2.48 2.81 1.14 1.56 1.37 2 1.64 1.43 2.39 2.59 2.52 2.41 1.62 1.44 2.22 1.88 2.99 1.72 2.49 2.45 1.84 1.28 2.88 2.09 2.19 1.92 1.85 2.6 2.08 1.29 2.63 2.89 1.84 1.82 2.09 1.27 1.24 2.1 2.06 2.22 1.34 2.95 1.42 2.03 2.83 2.82 1.25 1.18 1.54 1.12 2.26 1.39 
