75 2775
3.75 7.06 12.27
88658.3
72 55 2 4 25 64 7 6 45 88 33 51 90 5 11 10 26 81 88 75 49 70 12 75 94 9 22 28 22 80 58 86 83 35 64 1 79 21 8 48 15 68 51 77 55 94 11 78 79 95 70 72 79 95 20 14 26 26 46 99 20 88 41 60 79 54 72 72 63 22 41 21 36 54 62 
0 10.24 11.11 16.66 24.9 21.04 17.48 16.57 24.38 21.67 9.07 9.83 11.64 20.18 8.2 6.43 6.79 20.15 5.8 16.89 23.77 18.53 20.79 24.25 10.26 19.76 19.71 12.19 19.22 16.26 27.06 18.92 9.15 23.03 19.14 22.21 8.42 12.74 18.65 9.27 19.91 19.59 18.2 8.9 9.26 14.93 16.56 9.5 21.33 19.14 14.05 17.52 12.13 14.07 4.41 18.04 19.71 16.83 10.98 12.05 10.1 1.26 8.76 14.58 15.95 15.95 13.25 22.98 19.31 10.96 18.96 15.66 4.78 28.35 25.87 
10.24 0 15.66 7.67 19 20.26 10.84 11.38 15.62 22.4 16.01 20.06 10.54 10.76 6.11 9.93 3.73 13.48 5.12 12.04 17.01 21.21 13.55 18.59 1.4 14.93 21.43 12.58 9.01 10.6 18.76 13.08 19.38 14.39 10.9 12.08 3.11 10.05 10.3 19.33 14.97 9.51 10.58 9.32 12.57 7.87 16.12 19.33 16.23 10.56 16.02 8.65 5.12 8.54 8.85 8.51 9.97 7.76 9.27 7.5 20.24 11.49 10.25 12.76 19.08 8.86 5.67 25.13 9.23 7.27 9.08 17.45 6.2 19.16 16.91 
11.11 15.66 0 23.33 19.66 11.63 15.16 13.04 23.07 11.2 3.68 14.68 7.25 26.25 17.6 17.37 12.46 16.93 11.15 26.32 19.76 7.49 18.1 18.85 16.63 14.56 8.92 5.49 22.41 25.26 24.58 15.13 14.28 21.77 26.53 24.53 16.07 22.73 25.95 11.8 14.77 22.08 16.78 19.42 3.11 14.28 7.98 10.73 15.96 26.22 4.14 18.01 20.02 22.98 7.91 19.45 21.16 23.42 8.03 10.91 15.89 10.86 5.55 8.49 4.91 14.82 20.92 11.93 24.08 20.33 20.91 5.37 14.03 27.27 24.67 
16.66 7.67 23.33 0 22.83 26.84 15.43 16.9 16.62 29.35 23.57 26.04 17.82 3.59 9.22 13.48 11.15 17.46 12.57 7.63 20.33 28.64 16.95 22.67 6.84 20.08 28.66 19.96 7.18 6 20.02 17.83 25.38 15.82 3.39 9.9 8.26 8.91 2.78 25.92 20.04 8.49 14.3 11.26 20.24 13 23.07 26.13 21.02 2.91 23.49 11.35 4.78 5.56 16.31 9.94 10.23 0.24 16.56 14.25 25.91 17.91 17.9 19.59 26.61 13.62 3.67 32.36 4.51 7.59 9.2 24.84 11.91 18.84 17.36 
24.9 19 19.66 22.83 0 11.36 8.17 8.35 8.65 14.74 22.99 32.92 13.79 23.2 24.98 28.07 19.71 5.55 19.82 29.92 2.73 17.89 5.88 0.83 20.32 5.29 16.25 14.5 16.49 28.28 7.33 6.11 32.36 8.38 25.83 15.71 21.95 28.93 25.3 30.6 5.11 15.18 8.67 28.16 18.2 11.14 12.11 29.79 3.75 25.04 15.94 11.5 23.5 26.74 20.67 12.95 13.19 22.71 14.07 12.99 33.8 25.65 16.96 11.37 18.05 10.14 23.48 18.56 19.81 26.21 14.02 15.67 23.59 11.26 9.53 
21.04 20.26 11.63 26.84 11.36 0 12.48 10.34 18.44 3.43 15.3 26.3 10.17 28.61 24.84 26.31 18.81 12.19 18.1 32.3 12.94 6.92 13.49 10.59 21.63 8.49 5.03 8.92 22.69 30.86 18.32 10.64 25.88 17.54 30.22 23.4 22.27 29.81 29.62 23.42 8.67 21.74 14.27 27.54 11.97 14.05 4.53 22.32 8.87 29.62 7.53 17.01 25.38 28.79 16.76 18.85 20.03 26.82 11.34 12.79 27.49 21.26 12.38 7.53 7.98 13.72 25.87 7.29 25.53 27.04 20.38 6.3 22.03 22 19.77 
17.48 10.84 15.16 15.43 8.17 12.48 0 2.39 7.92 15.6 17.75 26.33 7.99 16.55 16.81 20.02 11.72 2.75 12.02 22.09 6.42 16.69 3.34 7.76 12.17 4.67 15.85 9.72 10.28 20.48 9.86 2.4 25.71 6.62 18.66 10.97 13.79 20.81 18.09 24.42 4.63 9.26 1.86 20 12.74 2.98 10.08 23.84 5.63 17.95 12.65 4.57 15.47 18.79 13.58 6.4 7.55 15.35 7.62 5.49 27.02 18.38 10.77 7.17 15.67 1.99 15.55 19.23 13.3 18.08 7.91 13.25 15.59 12.13 9.53 
16.57 11.38 13.04 16.9 8.35 10.34 2.39 0 10.08 13.34 15.83 24.96 6.07 18.36 17.05 19.84 11.48 3.97 11.5 23.12 7.33 14.31 5.07 7.75 12.77 3.58 13.49 7.55 12.36 21.56 11.62 2.39 24.36 8.83 20.22 13.28 14.09 21.43 19.63 22.86 3.65 11.44 4.24 20.16 10.83 3.9 7.7 22.19 5 19.56 10.33 6.7 16.32 19.72 12.42 8.53 9.83 16.84 5.99 4.65 25.74 17.37 9.09 4.83 13.3 3.4 16.56 16.91 15.22 18.64 10.08 10.87 15.33 14.25 11.67 
24.38 15.62 23.07 16.62 8.65 18.44 7.92 10.08 0 21.84 25.64 33.73 15.92 15.98 21.6 25.54 17.89 6.52 18.61 24.21 6.04 23.87 5.19 9.02 16.6 10.04 22.69 17.61 9.5 22.55 3.4 8.34 33.08 1.37 19.07 7.68 18.71 24.35 18.63 32.04 9.84 8.15 6.48 24.76 20.65 9.62 17.3 31.55 9.61 18.22 20.36 7.02 18.79 21.52 20.92 7.28 6.43 16.44 15.47 13.01 34.29 25.43 18.6 14.88 23.21 8.72 18.39 25.67 12.71 21.95 7.48 20.74 21.51 4.22 1.6 
21.67 22.4 11.2 29.35 14.74 3.43 15.6 13.34 21.84 0 14.7 25.67 11.91 31.35 26.44 27.4 20.48 15.53 19.58 34.34 16.37 4.63 16.84 13.98 23.71 11.85 2.57 10.17 25.67 32.97 21.75 13.91 25.32 20.92 32.73 26.56 24.08 31.53 32.13 22.64 12.03 24.78 17.43 28.93 12.42 16.86 6.29 21.45 12.29 32.18 7.62 20.05 27.47 30.83 17.64 21.87 23.15 29.34 13.17 15.11 26.95 21.69 13.46 9.75 6.62 16.66 28.06 3.85 28.38 28.82 23.43 6.03 23.35 25.43 23.19 
9.07 16.01 3.68 23.57 22.99 15.3 17.75 15.83 25.64 14.7 0 11.03 9.78 26.77 16.62 15.51 12.42 19.8 11 25.48 22.87 10.63 20.88 22.2 16.73 17.78 12.3 8.52 23.75 24.61 27.45 18.07 10.65 24.31 26.57 26.18 15.69 21.56 26.01 8.12 17.99 23.62 19.21 17.9 5.01 16.38 11.6 7.06 19.25 26.37 7.82 19.97 19.72 22.34 7.28 21.22 22.97 23.69 10.19 12.87 12.27 8.47 7.13 11.65 8.17 17.08 20.73 14.95 24.98 19.44 22.57 9.02 12.95 29.86 27.25 
9.83 20.06 14.68 26.04 32.92 26.3 26.33 24.96 33.73 25.67 11.03 0 19.14 29.63 16.96 13.31 16.59 28.82 15.48 24.58 32.28 21.4 29.67 32.18 20 27.63 23.21 18.67 29.05 24.42 36.15 27.34 0.68 32.36 28.13 32.03 18.01 20.19 27.71 3.16 27.81 29.41 27.35 16.15 14.93 24.12 22.39 4.46 29.19 28.28 18.78 27.07 21.32 22.49 12.81 27.74 29.44 26.23 18.97 20.86 1.44 8.6 15.97 21.69 19.07 25.07 22.45 25.5 29.04 19.34 28.73 20.05 14.24 37.81 35.27 
11.64 10.54 7.25 17.82 13.79 10.17 7.99 6.07 15.92 11.91 9.78 19.14 0 20.26 14.67 16.27 8.65 10.05 7.94 22.42 13.27 10.83 11.11 13.06 11.83 8.5 10.89 2.22 15.59 21.08 17.68 8.38 18.57 14.59 21.18 17.45 12.19 19.69 20.58 16.89 8.68 15.1 9.55 17.38 4.77 7.08 5.74 16.17 10.06 20.71 5.77 10.82 15.58 18.91 7.24 12.36 14.02 17.85 1.27 3.92 20.02 12.18 3.17 2.96 8.98 7.57 16.21 14.6 17.67 16.95 13.87 7.03 11.9 20.13 17.52 
20.18 10.76 26.25 3.59 23.2 28.61 16.55 18.36 15.98 31.35 26.77 29.63 20.26 0 12.8 17.04 14.4 18.17 15.82 9.65 20.56 31.07 17.41 23.17 10.15 21.21 30.91 22.46 6.73 8.25 19.29 18.87 28.96 15.45 3.44 8.49 11.76 11.98 3.24 29.45 21.14 8.06 15.12 14.72 23.15 14.57 25.17 29.63 21.94 2.6 26.01 12.08 8.37 8.59 19.57 10.37 10.04 3.39 19.04 16.47 29.5 21.44 20.73 21.68 29.2 14.97 7.25 34.57 3.39 11.04 9.18 27.27 15.46 17.45 16.41 
8.2 6.11 17.6 9.22 24.98 24.84 16.81 17.05 21.6 26.44 16.62 16.96 14.67 12.8 0 4.4 6.03 19.51 6.87 8.85 23.08 24.35 19.63 24.53 5 20.63 25.02 16.27 13.93 8.08 24.81 18.96 16.31 20.41 11.18 17.11 3.03 5.17 10.75 17.18 20.7 14.77 16.68 3.21 14.87 13.84 20.41 17.59 22.02 11.32 19.26 14.71 4.44 5.87 9.7 14.37 15.65 9.43 13.5 12.68 16.75 9.35 13.12 17.39 21.92 14.86 5.55 28.62 12.85 2.82 14.66 20.85 3.68 24.96 22.83 
6.43 9.93 17.37 13.48 28.07 26.31 20.02 19.84 25.54 27.4 15.51 13.31 16.27 17.04 4.4 0 8.37 22.77 8.49 11.32 26.42 24.65 23.07 27.54 9.09 23.35 25.65 17.42 18.27 11.11 28.64 21.97 12.7 24.3 15.07 21.45 6.88 6.94 14.71 14.1 23.45 19.06 20.17 2.87 15.13 17.1 21.78 14.75 24.84 15.33 19.87 18.55 8.74 9.24 9.79 18.43 19.81 13.7 15.28 15.23 12.88 7.18 13.99 19.19 22.1 18.16 9.81 29.06 17.25 6.17 18.85 21.5 4.52 29.07 26.85 
6.79 3.73 12.46 11.15 19.71 18.81 11.72 11.48 17.89 20.48 12.42 16.59 8.65 14.4 6.03 8.37 0 14.47 1.42 14.08 18.13 18.66 14.87 19.18 4.31 15.01 19.17 10.33 12.51 12.9 20.77 13.61 15.91 16.57 14.18 15.45 3.69 11.05 13.62 15.68 15.1 12.82 12.05 8.88 9.47 8.86 14.39 15.63 16.48 13.96 13.49 10.92 7.56 10.64 5.18 11.29 12.94 11.27 7.47 6.9 16.88 7.99 7.4 11.36 16.35 9.92 8.46 22.82 12.96 8.35 12.17 15.04 3.88 21.74 19.33 
20.15 13.48 16.93 17.46 5.55 12.19 2.75 3.97 6.52 15.53 19.8 28.82 10.05 18.17 19.51 22.77 14.47 0 14.75 24.42 3.67 17.36 1.33 5.26 14.79 3.71 16.22 11.45 11.57 22.78 7.67 1.85 28.21 5.44 20.57 11.52 16.48 23.38 20.02 26.8 3.54 10.37 3.18 22.7 14.8 5.69 10.78 26.15 3.87 19.82 13.94 6.15 17.95 21.2 16.16 7.79 8.44 17.36 9.91 8.11 29.56 21.02 13.04 8.53 16.72 4.65 17.95 19.32 14.81 20.67 9.09 14.24 18.34 10.54 8.03 
5.8 5.12 11.15 12.57 19.82 18.1 12.02 11.5 18.61 19.58 11 15.48 7.94 15.82 6.87 8.49 1.42 14.75 0 15.25 18.41 17.55 15.26 19.25 5.73 14.93 18.15 9.41 13.74 14.13 21.37 13.73 14.81 17.27 15.59 16.62 4.92 12.01 15.02 14.42 15.05 13.98 12.55 9.44 8.21 9.29 13.62 14.32 16.45 15.37 12.42 11.73 8.89 11.86 3.75 12.27 13.96 12.69 6.85 6.85 15.86 6.92 6.28 10.78 15.17 10.34 9.82 21.77 14.33 9.39 13.26 13.99 4.01 22.56 20.09 
16.89 12.04 26.32 7.63 29.92 32.3 22.09 23.12 24.21 34.34 25.48 24.58 22.42 9.65 8.85 11.32 14.08 24.42 15.25 0 27.55 32.74 24.09 29.68 10.67 26.56 33.19 24.31 14.81 1.66 27.61 24.48 23.98 23.35 6.31 17.48 10.39 4.39 6.41 25.39 26.57 16.11 21.26 8.45 23.46 19.33 28.1 25.97 27.7 7.07 27.57 18.49 6.92 3.51 18.47 17.31 17.79 7.83 21.17 19.54 24.03 17.95 21.48 24.79 30.42 20.14 6.57 36.87 12 6.04 16.75 29.1 12.53 26.46 24.99 
23.77 17.01 19.76 20.33 2.73 12.94 6.42 7.33 6.04 16.37 22.87 32.28 13.27 20.56 23.08 26.42 18.13 3.67 18.41 27.55 0 19.02 3.5 2.99 18.28 5.28 17.57 14.37 13.83 25.9 5.39 4.94 31.68 5.67 23.26 12.98 20.05 26.78 22.74 30.14 5.06 12.51 6.46 26.29 17.92 9.32 12.78 29.43 4.2 22.46 16.37 9.06 21.28 24.45 19.71 10.4 10.52 20.2 13.31 11.72 33.06 24.62 16.37 11.28 18.83 8.27 21.19 20.23 17.16 24.12 11.39 16.36 22 9.1 7.08 
18.53 21.21 7.49 28.64 17.89 6.92 16.69 14.31 23.87 4.63 10.63 21.4 10.83 31.07 24.35 24.65 18.66 17.36 17.55 32.74 19.02 0 18.69 17.08 22.41 13.94 2.08 8.67 26.04 31.52 24.37 15.56 21.1 22.78 31.99 27.46 22.36 29.51 31.38 18.31 14.15 25.36 18.55 26.5 9.56 17.16 6.63 17.08 14.82 31.53 5.2 20.73 26.08 29.28 14.92 22.48 23.97 28.67 12.08 14.62 22.73 18.34 11.27 9.74 2.58 17.25 26.82 4.45 28.38 26.94 24.05 3.81 20.97 27.78 25.35 
20.79 13.55 18.1 16.95 5.88 13.49 3.34 5.07 5.19 16.84 20.88 29.67 11.11 17.41 19.63 23.07 14.87 1.33 15.26 24.09 3.5 18.69 0 5.77 14.8 5 17.56 12.62 10.74 22.44 6.58 3.15 29.05 4.11 19.96 10.43 16.61 23.28 19.43 27.73 4.82 9.48 2.97 22.84 15.88 6.01 12.11 27.12 4.97 19.18 15.21 5.62 17.78 20.95 16.92 7.09 7.51 16.83 10.87 8.83 30.36 21.72 14.02 9.77 18.03 4.95 17.7 20.64 14.03 20.62 8.25 15.55 18.71 9.26 6.72 
24.25 18.59 18.85 22.67 0.83 10.59 7.76 7.75 9.02 13.98 22.2 32.18 13.06 23.17 24.53 27.54 19.18 5.26 19.25 29.68 2.99 17.08 5.77 0 19.93 4.56 15.45 13.71 16.48 28.04 7.95 5.59 31.62 8.63 25.72 15.86 21.51 28.57 25.19 29.83 4.39 15.19 8.42 27.7 17.43 10.72 11.29 29.02 3 24.95 15.12 11.33 23.18 26.45 20 12.86 13.21 22.56 13.38 12.4 33.08 24.98 16.23 10.59 17.23 9.74 23.2 17.81 19.79 25.83 14 14.84 23.05 11.84 9.99 
10.26 1.4 16.63 6.84 20.32 21.63 12.17 12.77 16.6 23.71 16.73 20 11.83 10.15 5 9.09 4.31 14.79 5.73 10.67 18.28 22.41 14.8 19.93 0 16.32 22.69 13.81 9.35 9.26 19.81 14.44 19.32 15.41 9.91 12.5 2.23 8.67 9.34 19.49 16.36 10.02 11.83 8.18 13.58 9.22 17.46 19.58 17.61 9.66 17.21 9.73 3.76 7.16 9.47 9.39 10.72 6.97 10.56 8.89 20.08 11.53 11.33 14.12 20.22 10.19 4.41 26.39 9.05 5.91 9.76 18.67 5.83 20.01 17.84 
19.76 14.93 14.56 20.08 5.29 8.49 4.67 3.58 10.04 11.85 17.78 27.63 8.5 21.21 20.63 23.35 15.01 3.71 14.93 26.56 5.28 13.94 5 4.56 16.32 0 12.66 9.27 14.82 24.98 10.49 2.36 27.06 9.08 23.33 15.11 17.66 24.98 22.75 25.31 0.22 13.72 6.17 23.73 12.93 7.24 7.53 24.52 1.58 22.62 11.09 9.16 19.81 23.19 15.47 10.95 11.88 20 8.84 8.12 28.52 20.45 11.67 6.14 13.58 6.47 20 15.65 17.93 22.2 12.39 11.11 18.83 13.84 11.46 
19.71 21.43 8.92 28.66 16.25 5.03 15.85 13.49 22.69 2.57 12.3 23.21 10.89 30.91 25.02 25.65 19.17 16.22 18.15 33.19 17.57 2.08 17.56 15.45 22.69 12.66 0 8.89 25.57 31.9 22.95 14.48 22.88 21.66 32.04 26.76 22.84 30.16 31.43 20.16 12.87 24.8 17.71 27.34 10.52 16.67 5.85 18.94 13.39 31.54 5.79 20.1 26.41 29.7 15.86 21.89 23.29 28.68 12.17 14.46 24.51 19.63 11.9 9.27 4.14 16.63 27.09 3.71 28.08 27.51 23.46 4.18 21.77 26.48 24.12 
12.19 12.58 5.49 19.96 14.5 8.92 9.72 7.55 17.61 10.17 8.52 18.67 2.22 22.46 16.27 17.42 10.33 11.45 9.41 24.31 14.37 8.67 12.62 13.71 13.81 9.27 8.89 0 17.79 23.01 19.11 9.66 18.15 16.32 23.31 19.59 13.97 21.37 22.71 16.17 9.47 17.27 11.4 18.79 3.75 9.18 4.39 15.31 10.75 22.86 3.56 12.91 17.53 20.81 7.85 14.5 16.14 20 3.42 6.13 19.67 12.52 3.47 3.13 6.76 9.57 18.22 12.58 19.88 18.68 16.03 4.88 13.23 21.8 19.2 
19.22 9.01 22.41 7.18 16.49 22.69 10.28 12.36 9.5 25.67 23.75 29.05 15.59 6.73 13.93 18.27 12.51 11.57 13.74 14.81 13.83 26.04 10.74 16.48 9.35 14.82 25.57 17.79 0 13.17 12.88 12.46 28.37 8.81 9.61 3.18 11.56 15.5 9.15 28.16 14.73 1.36 8.66 16.78 19.38 8.9 19.72 28.04 15.41 8.77 21.28 5.71 10.19 12.4 17.17 3.88 3.31 6.99 14.53 11.67 29.25 20.45 16.93 16.34 24.5 9.01 9.52 29.13 3.34 13.47 2.49 22.31 15.13 11.73 10.18 
16.26 10.6 25.26 6 28.28 30.86 20.48 21.56 22.55 32.97 24.61 24.42 21.08 8.25 8.08 11.11 12.9 22.78 14.13 1.66 25.9 31.52 22.44 28.04 9.26 24.98 31.9 23.01 13.17 0 25.96 22.87 23.8 21.69 5.06 15.88 9.22 4.46 5.04 25.02 24.98 14.46 19.62 8.29 22.34 17.74 26.72 25.53 26.1 5.73 26.33 16.83 5.5 2.29 17.49 15.64 16.13 6.2 19.81 18.08 23.96 17.38 20.29 23.36 29.24 18.54 5.02 35.59 10.41 5.3 15.08 27.83 11.72 24.84 23.34 
27.06 18.76 24.58 20.02 7.33 18.32 9.86 11.62 3.4 21.75 27.45 36.15 17.68 19.29 24.81 28.64 20.77 7.67 21.37 27.61 5.39 24.37 6.58 7.95 19.81 10.49 22.95 19.11 12.88 25.96 0 9.45 35.53 4.41 22.43 10.87 21.87 27.7 22 34.28 10.27 11.54 8.86 27.99 22.44 12.13 18.02 33.69 9.57 21.58 21.46 10.11 22.13 24.91 23.36 10.6 9.83 19.84 17.45 15.29 36.8 28.04 20.6 16.14 24.06 11.13 21.77 25.6 16.06 25.27 10.88 21.59 24.49 3.96 3.02 
18.92 13.08 15.13 17.83 6.11 10.64 2.4 2.39 8.34 13.91 18.07 27.34 8.38 18.87 18.96 21.97 13.61 1.85 13.73 24.48 4.94 15.56 3.15 5.59 14.44 2.36 14.48 9.66 12.46 22.87 9.45 0 26.74 7.22 21.05 12.8 15.95 23.11 20.48 25.22 2.28 11.36 3.81 22.12 13.09 5.23 8.96 24.53 3.23 20.33 12.1 6.8 17.81 21.15 14.8 8.59 9.53 17.74 8.37 6.92 28.13 19.73 11.44 6.7 14.88 4.33 17.93 17.66 15.58 20.35 10.03 12.4 17.48 12.38 9.87 
9.15 19.38 14.28 25.38 32.36 25.88 25.71 24.36 33.08 25.32 10.65 0.68 18.57 28.96 16.31 12.7 15.91 28.21 14.81 23.98 31.68 21.1 29.05 31.62 19.32 27.06 22.88 18.15 28.37 23.8 35.53 26.74 0 31.72 27.48 31.36 17.33 19.59 27.06 3.03 27.25 28.73 26.71 15.55 14.42 23.48 21.92 4.35 28.62 27.62 18.35 26.41 20.66 21.86 12.17 27.08 28.77 25.57 18.38 20.24 1.63 7.93 15.4 21.15 18.74 24.43 21.79 25.24 28.36 18.71 28.06 19.65 13.57 37.16 34.62 
23.03 14.39 21.77 15.82 8.38 17.54 6.62 8.83 1.37 20.92 24.31 32.36 14.59 15.45 20.41 24.3 16.57 5.44 17.27 23.35 5.67 22.78 4.11 8.63 15.41 9.08 21.66 16.32 8.81 21.69 4.41 7.22 31.72 0 18.42 7.42 17.49 23.31 17.96 30.68 8.89 7.45 5.12 23.58 19.32 8.25 16.18 30.19 8.81 17.58 19.14 5.75 17.73 20.56 19.56 6.2 5.59 15.65 14.13 11.65 32.93 24.07 17.25 13.65 22.04 7.35 17.39 24.73 12.11 20.86 6.62 19.57 20.22 5.56 2.95 
19.14 10.9 26.53 3.39 25.83 30.22 18.66 20.22 19.07 32.73 26.57 28.13 21.18 3.44 11.18 15.07 14.18 20.57 15.59 6.31 23.26 31.99 19.96 25.72 9.91 23.33 32.04 23.31 9.61 5.06 22.43 21.05 27.48 18.42 0 11.78 10.96 9.21 0.61 28.3 23.29 10.97 17.43 12.48 23.46 16.33 26.46 28.63 24.22 0.86 26.82 14.42 7.02 5.98 19.29 12.88 12.87 3.4 19.92 17.63 27.86 20.36 21.15 22.98 29.93 16.9 5.92 35.74 6.37 8.9 11.91 28.19 14.36 20.79 19.62 
22.21 12.08 24.53 9.9 15.71 23.4 10.97 13.28 7.68 26.56 26.18 32.03 17.45 8.49 17.11 21.45 15.45 11.52 16.62 17.48 12.98 27.46 10.43 15.86 12.5 15.11 26.76 19.59 3.18 15.88 10.87 12.8 31.36 7.42 11.78 0 14.72 18.53 11.42 31.02 14.97 2.64 9.14 19.95 21.6 10.42 20.93 30.84 15.37 10.92 22.97 6.73 13.32 15.33 19.9 5.1 3.49 9.69 16.52 13.63 32.28 23.43 19.19 17.73 26.14 10.21 12.59 30.19 5.49 16.59 3.62 23.83 18.24 9.02 7.94 
8.42 3.11 16.07 8.26 21.95 22.27 13.79 14.09 18.71 24.08 15.69 18.01 12.19 11.76 3.03 6.88 3.69 16.48 4.92 10.39 20.05 22.36 16.61 21.51 2.23 17.66 22.84 13.97 11.56 9.22 21.87 15.95 17.33 17.49 10.96 14.72 0 7.55 10.43 17.69 17.73 12.25 13.65 6.24 13.13 10.81 17.92 17.88 19.04 10.86 17.18 11.76 4.03 6.95 8.43 11.55 12.93 8.42 10.96 9.82 18.02 9.68 11.09 14.75 20.04 11.83 5.05 26.5 11.06 4.78 11.98 18.72 3.76 22.19 19.99 
12.74 10.05 22.73 8.91 28.93 29.81 20.81 21.43 24.35 31.53 21.56 20.19 19.69 11.98 5.17 6.94 11.05 23.38 12.01 4.39 26.78 29.51 23.28 28.57 8.67 24.98 30.16 21.37 15.5 4.46 27.7 23.11 19.59 23.31 9.21 18.53 7.55 0 9.03 21.03 25.03 16.64 20.34 4.07 20.03 17.88 25.43 21.64 26.28 9.72 24.42 17.91 5.58 3.39 14.82 17.11 17.99 9.15 18.48 17.33 19.66 13.73 18.28 22.3 27.09 18.83 6.01 33.77 13.37 2.8 16.94 26 8.71 27.17 25.36 
18.65 10.3 25.95 2.78 25.3 29.62 18.09 19.63 18.63 32.13 26.01 27.71 20.58 3.24 10.75 14.71 13.62 20.02 15.02 6.41 22.74 31.38 19.43 25.19 9.34 22.75 31.43 22.71 9.15 5.04 22 20.48 27.06 17.96 0.61 11.42 10.43 9.03 0 27.84 22.71 10.51 16.87 12.18 22.87 15.74 25.86 28.15 23.65 0.69 26.22 13.88 6.53 5.73 18.73 12.35 12.39 2.8 19.32 17.03 27.46 19.88 20.56 22.38 29.33 16.32 5.41 35.13 5.97 8.56 11.42 27.59 13.87 20.44 19.21 
9.27 19.33 11.8 25.92 30.6 23.42 24.42 22.86 32.04 22.64 8.12 3.16 16.89 29.45 17.18 14.1 15.68 26.8 14.42 25.39 30.14 18.31 27.73 29.83 19.49 25.31 20.16 16.17 28.16 25.02 34.28 25.22 3.03 30.68 28.3 31.02 17.69 21.03 27.84 0 25.51 28.38 25.59 16.96 12.43 22.44 19.66 1.32 26.84 28.36 15.94 25.63 21.33 22.95 11.25 26.48 28.21 26.09 16.88 19.05 4.57 8.01 13.78 19.26 16.03 23.33 22.46 22.37 28.51 19.78 27.59 17.13 14.01 36.2 33.62 
19.91 14.97 14.77 20.04 5.11 8.67 4.63 3.65 9.84 12.03 17.99 27.81 8.68 21.14 20.7 23.45 15.1 3.54 15.05 26.57 5.06 14.15 4.82 4.39 16.36 0.22 12.87 9.47 14.73 24.98 10.27 2.28 27.25 8.89 23.29 14.97 17.73 25.03 22.71 25.51 0 13.62 6.07 23.81 13.14 7.25 7.75 24.72 1.42 22.58 11.31 9.08 19.83 23.21 15.62 10.86 11.76 19.97 9 8.22 28.7 20.61 11.85 6.34 13.8 6.46 20.01 15.84 17.85 22.24 12.29 11.33 18.93 13.63 11.26 
19.59 9.51 22.08 8.49 15.18 21.74 9.26 11.44 8.15 24.78 23.62 29.41 15.1 8.06 14.77 19.06 12.82 10.37 13.98 16.11 12.51 25.36 9.48 15.19 10.02 13.72 24.8 17.27 1.36 14.46 11.54 11.36 28.73 7.45 10.97 2.64 12.25 16.64 10.51 28.38 13.62 0 7.56 17.71 19.1 8.2 18.94 28.2 14.23 10.13 20.72 4.74 11.23 13.61 17.27 2.91 1.99 8.31 14.11 11.22 29.67 20.81 16.67 15.62 23.91 8.17 10.64 28.31 4.68 14.5 1.36 21.67 15.7 10.54 8.88 
18.2 10.58 16.78 14.3 8.67 14.27 1.86 4.24 6.48 17.43 19.21 27.35 9.55 15.12 16.68 20.17 12.05 3.18 12.55 21.26 6.46 18.55 2.97 8.42 11.83 6.17 17.71 11.4 8.66 19.62 8.86 3.81 26.71 5.12 17.43 9.14 13.65 20.34 16.87 25.59 6.07 7.56 0 19.89 14.24 3.28 11.94 25.08 6.82 16.68 14.44 3.04 14.86 18.07 14.54 4.79 5.77 14.2 9.02 6.55 27.97 19.19 12.14 8.98 17.49 2.28 14.81 21.07 11.8 17.66 6.22 15.08 15.86 10.68 8.07 
8.9 9.32 19.42 11.26 28.16 27.54 20 20.16 24.76 28.93 17.9 16.15 17.38 14.72 3.21 2.87 8.88 22.7 9.44 8.45 26.29 26.5 22.84 27.7 8.18 23.73 27.34 18.79 16.78 8.29 27.99 22.12 15.55 23.58 12.48 19.95 6.24 4.07 12.18 16.96 23.81 17.71 19.89 0 16.94 17.03 23.05 17.59 25.15 12.82 21.55 17.9 6.73 6.55 11.59 17.5 18.71 11.49 16.27 15.71 15.67 9.8 15.48 20.19 24 18.05 7.68 30.86 15.33 3.69 17.7 23.16 5.58 28.03 25.96 
9.26 12.57 3.11 20.24 18.2 11.97 12.74 10.83 20.65 12.42 5.01 14.93 4.77 23.15 14.87 15.13 9.47 14.8 8.21 23.46 17.92 9.56 15.88 17.43 13.58 12.93 10.52 3.75 19.38 22.34 22.44 13.09 14.42 19.32 23.46 21.6 13.13 20.03 22.87 12.43 13.14 19.1 14.24 16.94 0 11.52 7.66 11.59 14.45 23.13 4.8 15.19 17.03 20.07 5.37 16.55 18.28 20.32 5.25 8.05 15.97 9.33 2.46 6.84 7.07 12.16 17.9 13.94 20.98 17.54 17.98 6.41 11.42 24.87 22.26 
14.93 7.87 14.28 13 11.14 14.05 2.98 3.9 9.62 16.86 16.38 24.12 7.08 14.57 13.84 17.1 8.86 5.69 9.29 19.33 9.32 17.16 6.01 10.72 9.22 7.24 16.67 9.18 8.9 17.74 12.13 5.23 23.48 8.25 16.33 10.42 10.81 17.88 15.74 22.44 7.25 8.2 3.28 17.03 11.52 0 10.82 21.98 8.42 15.67 12.55 3.74 12.6 15.96 11.31 5.35 6.96 12.95 6.28 3.51 24.71 15.92 9.25 7.44 15.73 1.06 12.76 20.24 11.52 15.13 6.91 13.47 12.71 13.76 11.18 
16.56 16.12 7.98 23.07 12.11 4.53 10.08 7.7 17.3 6.29 11.6 22.39 5.74 25.17 20.41 21.78 14.39 10.78 13.62 28.1 12.78 6.63 12.11 11.29 17.46 7.53 5.85 4.39 19.72 26.72 18.02 8.96 21.92 16.18 26.46 20.93 17.92 25.43 25.86 19.66 7.75 18.94 11.94 23.05 7.66 10.82 0 18.66 8.64 25.92 3.94 14.25 21.22 24.59 12.24 16.04 17.46 23.08 6.96 8.83 23.5 16.83 7.86 3.49 6.05 10.78 21.79 9.43 22.27 22.69 17.6 3.59 17.52 21.27 18.8 
9.5 19.33 10.73 26.13 29.79 22.32 23.84 22.19 31.55 21.45 7.06 4.46 16.17 29.63 17.59 14.75 15.63 26.15 14.32 25.97 29.43 17.08 27.12 29.02 19.58 24.52 18.94 15.31 28.04 25.53 33.69 24.53 4.35 30.19 28.63 30.84 17.88 21.64 28.15 1.32 24.72 28.2 25.08 17.59 11.59 21.98 18.66 0 26.04 28.64 14.88 25.26 21.63 23.41 10.96 26.19 27.94 26.3 16.25 18.54 5.88 8.27 13.11 18.43 14.83 22.83 22.75 21.09 28.55 20.25 27.35 16.02 14.28 35.73 33.13 
21.33 16.23 15.96 21.02 3.75 8.87 5.63 5 9.61 12.29 19.25 29.19 10.06 21.94 22.02 24.84 16.48 3.87 16.45 27.7 4.2 14.82 4.97 3 17.61 1.58 13.39 10.75 15.41 26.1 9.57 3.23 28.62 8.81 24.22 15.37 19.04 26.28 23.65 26.84 1.42 14.23 6.82 25.15 14.45 8.42 8.64 26.04 0 23.48 12.36 9.86 21.02 24.37 17.04 11.58 12.31 20.94 10.41 9.62 30.08 22.03 13.23 7.62 14.68 7.56 21.16 16.14 18.61 23.51 12.93 12.24 20.32 13.14 10.91 
19.14 10.56 26.22 2.91 25.04 29.62 17.95 19.56 18.22 32.18 26.37 28.28 20.71 2.6 11.32 15.33 13.96 19.82 15.37 7.07 22.46 31.53 19.18 24.95 9.66 22.62 31.54 22.86 8.77 5.73 21.58 20.33 27.62 17.58 0.86 10.92 10.86 9.72 0.69 28.36 22.58 10.13 16.68 12.82 23.13 15.67 25.92 28.64 23.48 0 26.39 13.67 7.03 6.41 19.09 12.09 12.04 2.86 19.46 17.1 28.05 20.38 20.79 22.44 29.52 16.22 5.9 35.23 5.52 9.18 11.1 27.73 14.37 19.93 18.76 
14.05 16.02 4.14 23.49 15.94 7.53 12.65 10.33 20.36 7.62 7.82 18.78 5.77 26.01 19.26 19.87 13.49 13.94 12.42 27.57 16.37 5.2 15.21 15.12 17.21 11.09 5.79 3.56 21.28 26.33 21.46 12.1 18.35 19.14 26.82 22.97 17.18 24.42 26.22 15.94 11.31 20.72 14.44 21.55 4.8 12.55 3.94 14.88 12.36 26.39 0 16.25 20.88 24.1 10.08 17.9 19.49 23.53 6.97 9.66 19.96 14.08 6.14 5.49 3.22 12.82 21.62 9.36 23.44 21.8 19.44 1.63 15.98 24.47 21.92 
17.52 8.65 18.01 11.35 11.5 17.01 4.57 6.7 7.02 20.05 19.97 27.07 10.82 12.08 14.71 18.55 10.92 6.15 11.73 18.49 9.06 20.73 5.62 11.33 9.73 9.16 20.1 12.91 5.71 16.83 10.11 6.8 26.41 5.75 14.42 6.73 11.76 17.91 13.88 25.63 9.08 4.74 3.04 17.9 15.19 3.74 14.25 25.26 9.86 13.67 16.25 0 12.35 15.42 14.38 1.84 3.25 11.23 9.99 7.14 27.54 18.62 12.86 11 19.41 3.48 12.17 23.58 8.78 15.34 3.38 17.1 14.49 10.83 8.41 
12.13 5.12 20.02 4.78 23.5 25.38 15.47 16.32 18.79 27.47 19.72 21.32 15.58 8.37 4.44 8.74 7.56 17.95 8.89 6.92 21.28 26.08 17.78 23.18 3.76 19.81 26.41 17.53 10.19 5.5 22.13 17.81 20.66 17.73 7.02 13.32 4.03 5.58 6.53 21.33 19.83 11.23 14.86 6.73 17.03 12.6 21.22 21.63 21.02 7.03 20.88 12.35 0 3.42 12.46 11.53 12.47 4.99 14.31 12.62 21.15 13.36 14.89 17.88 23.83 13.49 1.14 30.1 8.61 3.28 11.42 22.36 7.35 21.73 19.83 
14.07 8.54 22.98 5.56 26.74 28.79 18.79 19.72 21.52 30.83 22.34 22.49 18.91 8.59 5.87 9.24 10.64 21.2 11.86 3.51 24.45 29.28 20.95 26.45 7.16 23.19 29.7 20.81 12.4 2.29 24.91 21.15 21.86 20.56 5.98 15.33 6.95 3.39 5.73 22.95 23.21 13.61 18.07 6.55 20.07 15.96 24.59 23.41 24.37 6.41 24.1 15.42 3.42 0 15.21 14.4 15.1 5.8 17.66 16.04 22.11 15.21 18.03 21.27 26.98 16.82 3.26 33.38 10.06 3.17 14.05 25.62 9.47 24.13 22.44 
4.41 8.85 7.91 16.31 20.67 16.76 13.58 12.42 20.92 17.64 7.28 12.81 7.24 19.57 9.7 9.79 5.18 16.16 3.75 18.47 19.71 14.92 16.92 20 9.47 15.47 15.86 7.85 17.17 17.49 23.36 14.8 12.17 19.56 19.29 19.9 8.43 14.82 18.73 11.25 15.62 17.27 14.54 11.59 5.37 11.31 12.24 10.96 17.04 19.09 10.08 14.38 12.46 15.21 0 15.24 16.99 16.44 6.64 8.09 13.45 4.99 4.39 10.17 12.41 12.26 13.45 19.31 18 12.46 16.4 11.71 6.13 25.03 22.47 
18.04 8.51 19.45 9.94 12.95 18.85 6.4 8.53 7.28 21.87 21.22 27.74 12.36 10.37 14.37 18.43 11.29 7.79 12.27 17.31 10.4 22.48 7.09 12.86 9.39 10.95 21.89 14.5 3.88 15.64 10.6 8.59 27.08 6.2 12.88 5.1 11.55 17.11 12.35 26.48 10.86 2.91 4.79 17.5 16.55 5.35 16.04 26.19 11.58 12.09 17.9 1.84 11.53 14.4 15.24 0 1.76 9.81 11.43 8.55 28.13 19.2 14.16 12.74 21.08 5.26 11.21 25.39 7.02 14.67 1.57 18.81 14.62 10.65 8.46 
19.71 9.97 21.16 10.23 13.19 20.03 7.55 9.83 6.43 23.15 22.97 29.44 14.02 10.04 15.65 19.81 12.94 8.44 13.96 17.79 10.52 23.97 7.51 13.21 10.72 11.88 23.29 16.14 3.31 16.13 9.83 9.53 28.77 5.59 12.87 3.49 12.93 17.99 12.39 28.21 11.76 1.99 5.77 18.71 18.28 6.96 17.46 27.94 12.31 12.04 19.49 3.25 12.47 15.1 16.99 1.76 0 10.06 13.13 10.26 29.8 20.88 15.9 14.24 22.66 6.72 12.01 26.74 6.65 15.69 1.06 20.34 16.14 9.32 7.36 
16.83 7.76 23.42 0.24 22.71 26.82 15.35 16.84 16.44 29.34 23.69 26.23 17.85 3.39 9.43 13.7 11.27 17.36 12.69 7.83 20.2 28.67 16.83 22.56 6.97 20 28.68 20 6.99 6.2 19.84 17.74 25.57 15.65 3.4 9.69 8.42 9.15 2.8 26.09 19.97 8.31 14.2 11.49 20.32 12.95 23.08 26.3 20.94 2.86 23.53 11.23 4.99 5.8 16.44 9.81 10.06 0 16.59 14.25 26.11 18.08 17.97 19.59 26.66 13.55 3.89 32.38 4.28 7.82 9.04 24.87 12.09 18.64 17.17 
10.98 9.27 8.03 16.56 14.07 11.34 7.62 5.99 15.47 13.17 10.19 18.97 1.27 19.04 13.5 15.28 7.47 9.91 6.85 21.17 13.31 12.08 10.87 13.38 10.56 8.84 12.17 3.42 14.53 19.81 17.45 8.37 18.38 14.13 19.92 16.52 10.96 18.48 19.32 16.88 9 14.11 9.02 16.27 5.25 6.28 6.96 16.25 10.41 19.46 6.97 9.99 14.31 17.66 6.64 11.43 13.13 16.59 0 2.89 19.78 11.63 3.15 3.93 10.16 6.91 14.94 15.87 16.5 15.73 12.91 8.27 10.85 19.69 17.07 
12.05 7.5 10.91 14.25 12.99 12.79 5.49 4.65 13.01 15.11 12.87 20.86 3.92 16.47 12.68 15.23 6.9 8.11 6.85 19.54 11.72 14.62 8.83 12.4 8.89 8.12 14.46 6.13 11.67 18.08 15.29 6.92 20.24 11.65 17.63 13.63 9.82 17.33 17.03 19.05 8.22 11.22 6.55 15.71 8.05 3.51 8.83 18.54 9.62 17.1 9.66 7.14 12.62 16.04 8.09 8.55 10.26 14.25 2.89 0 21.54 12.92 5.74 5.37 12.88 4.3 13.08 18.14 13.78 14.54 10.02 10.82 10.71 17.2 14.6 
10.1 20.24 15.89 25.91 33.8 27.49 27.02 25.74 34.29 26.95 12.27 1.44 20.02 29.5 16.75 12.88 16.88 29.56 15.86 24.03 33.06 22.73 30.36 33.08 20.08 28.52 24.51 19.67 29.25 23.96 36.8 28.13 1.63 32.93 27.86 32.28 18.02 19.66 27.46 4.57 28.7 29.67 27.97 15.67 15.97 24.71 23.5 5.88 30.08 28.05 19.96 27.54 21.15 22.11 13.45 28.13 29.8 26.11 19.78 21.54 0 8.93 16.85 22.65 20.37 25.69 22.28 26.86 29.08 19 29.06 21.26 14.26 38.33 35.81 
1.26 11.49 10.86 17.91 25.65 21.26 18.38 17.37 25.43 21.69 8.47 8.6 12.18 21.44 9.35 7.18 7.99 21.02 6.92 17.95 24.62 18.34 21.72 24.98 11.53 20.45 19.63 12.52 20.45 17.38 28.04 19.73 7.93 24.07 20.36 23.43 9.68 13.73 19.88 8.01 20.61 20.81 19.19 9.8 9.33 15.92 16.83 8.27 22.03 20.38 14.08 18.62 13.36 15.21 4.99 19.2 20.88 18.08 11.63 12.92 8.93 0 9.17 15.07 15.76 16.92 14.48 22.79 20.58 12.08 20.14 15.66 6.01 29.43 26.93 
8.76 10.25 5.55 17.9 16.96 12.38 10.77 9.09 18.6 13.46 7.13 15.97 3.17 20.73 13.12 13.99 7.4 13.04 6.28 21.48 16.37 11.27 14.02 16.23 11.33 11.67 11.9 3.47 16.93 20.29 20.6 11.44 15.4 17.25 21.15 19.19 11.09 18.28 20.56 13.78 11.85 16.67 12.14 15.48 2.46 9.25 7.86 13.11 13.23 20.79 6.14 12.86 14.89 18.03 4.39 14.16 15.9 17.97 3.15 5.74 16.85 9.17 0 5.93 8.95 9.97 15.7 15.49 18.53 15.67 15.57 7.73 9.9 22.81 20.2 
14.58 12.76 8.49 19.59 11.37 7.53 7.17 4.83 14.88 9.75 11.65 21.69 2.96 21.68 17.39 19.19 11.36 8.53 10.78 24.79 11.28 9.74 9.77 10.59 14.12 6.14 9.27 3.13 16.34 23.36 16.14 6.7 21.15 13.65 22.98 17.73 14.75 22.3 22.38 19.26 6.34 15.62 8.98 20.19 6.84 7.44 3.49 18.43 7.62 22.44 5.49 11 17.88 21.27 10.17 12.74 14.24 19.59 3.93 5.37 22.65 15.07 5.93 0 8.51 7.52 18.4 12.9 18.82 19.53 14.31 6.12 14.78 19.02 16.45 
15.95 19.08 4.91 26.61 18.05 7.98 15.67 13.3 23.21 6.62 8.17 19.07 8.98 29.2 21.92 22.1 16.35 16.72 15.17 30.42 18.83 2.58 18.03 17.23 20.22 13.58 4.14 6.76 24.5 29.24 24.06 14.88 18.74 22.04 29.93 26.14 20.04 27.09 29.33 16.03 13.8 23.91 17.49 24 7.07 15.73 6.05 14.83 14.68 29.52 3.22 19.41 23.83 26.98 12.41 21.08 22.66 26.66 10.16 12.88 20.37 15.76 8.95 8.51 0 15.96 24.62 7.03 26.65 24.56 22.63 2.48 18.49 27.25 24.75 
15.95 8.86 14.82 13.62 10.14 13.72 1.99 3.4 8.72 16.66 17.08 25.07 7.57 14.97 14.86 18.16 9.92 4.65 10.34 20.14 8.27 17.25 4.95 9.74 10.19 6.47 16.63 9.57 9.01 18.54 11.13 4.33 24.43 7.35 16.9 10.21 11.83 18.83 16.32 23.33 6.46 8.17 2.28 18.05 12.16 1.06 10.78 22.83 7.56 16.22 12.82 3.48 13.49 16.82 12.26 5.26 6.72 13.55 6.91 4.3 25.69 16.92 9.97 7.52 15.96 0 13.6 20.14 11.82 16.09 6.82 13.63 13.77 12.9 10.3 
13.25 5.67 20.92 3.67 23.48 25.87 15.55 16.56 18.39 28.06 20.73 22.45 16.21 7.25 5.55 9.81 8.46 17.95 9.82 6.57 21.19 26.82 17.7 23.2 4.41 20 27.09 18.22 9.52 5.02 21.77 17.93 21.79 17.39 5.92 12.59 5.05 6.01 5.41 22.46 20.01 10.64 14.81 7.68 17.9 12.76 21.79 22.75 21.16 5.9 21.62 12.17 1.14 3.26 13.45 11.21 12.01 3.89 14.94 13.08 22.28 14.48 15.7 18.4 24.62 13.6 0 30.79 7.68 4.08 10.95 23.08 8.47 21.17 19.37 
22.98 25.13 11.93 32.36 18.56 7.29 19.23 16.91 25.67 3.85 14.95 25.5 14.6 34.57 28.62 29.06 22.82 19.32 21.77 36.87 20.23 4.45 20.64 17.81 26.39 15.65 3.71 12.58 29.13 35.59 25.6 17.66 25.24 24.73 35.74 30.19 26.5 33.77 35.13 22.37 15.84 28.31 21.07 30.86 13.94 20.24 9.43 21.09 16.14 35.23 9.36 23.58 30.1 33.38 19.31 25.39 26.74 32.38 15.87 18.14 26.86 22.79 15.49 12.9 7.03 20.14 30.79 0 31.71 31.15 26.96 7.78 25.3 29.28 27.03 
19.31 9.23 24.08 4.51 19.81 25.53 13.3 15.22 12.71 28.38 24.98 29.04 17.67 3.39 12.85 17.25 12.96 14.81 14.33 12 17.16 28.38 14.03 19.79 9.05 17.93 28.08 19.88 3.34 10.41 16.06 15.58 28.36 12.11 6.37 5.49 11.06 13.37 5.97 28.51 17.85 4.68 11.8 15.33 20.98 11.52 22.27 28.55 18.61 5.52 23.44 8.78 8.61 10.06 18 7.02 6.65 4.28 16.5 13.78 29.08 20.58 18.53 18.82 26.65 11.82 7.68 31.71 0 11.76 5.79 24.59 14.82 14.51 13.25 
10.96 7.27 20.33 7.59 26.21 27.04 18.08 18.64 21.95 28.82 19.44 19.34 16.95 11.04 2.82 6.17 8.35 20.67 9.39 6.04 24.12 26.94 20.62 25.83 5.91 22.2 27.51 18.68 13.47 5.3 25.27 20.35 18.71 20.86 8.9 16.59 4.78 2.8 8.56 19.78 22.24 14.5 17.66 3.69 17.54 15.13 22.69 20.25 23.51 9.18 21.8 15.34 3.28 3.17 12.46 14.67 15.69 7.82 15.73 14.54 19 12.08 15.67 19.53 24.56 16.09 4.08 31.15 11.76 0 14.65 23.37 6.49 24.98 23.04 
18.96 9.08 20.91 9.2 14.02 20.38 7.91 10.08 7.48 23.43 22.57 28.73 13.87 9.18 14.66 18.85 12.17 9.09 13.26 16.75 11.39 24.05 8.25 14 9.76 12.39 23.46 16.03 2.49 15.08 10.88 10.03 28.06 6.62 11.91 3.62 11.98 16.94 11.42 27.59 12.29 1.36 6.22 17.7 17.98 6.91 17.6 27.35 12.93 11.1 19.44 3.38 11.42 14.05 16.4 1.57 1.06 9.04 12.91 10.02 29.06 20.14 15.57 14.31 22.63 6.82 10.95 26.96 5.79 14.65 0 20.37 15.27 10.34 8.42 
15.66 17.45 5.37 24.84 15.67 6.3 13.25 10.87 20.74 6.03 9.02 20.05 7.03 27.27 20.85 21.5 15.04 14.24 13.99 29.1 16.36 3.81 15.55 14.84 18.67 11.11 4.18 4.88 22.31 27.83 21.59 12.4 19.65 19.57 28.19 23.83 18.72 26 27.59 17.13 11.33 21.67 15.08 23.16 6.41 13.47 3.59 16.02 12.24 27.73 1.63 17.1 22.36 25.62 11.71 18.81 20.34 24.87 8.27 10.82 21.26 15.66 7.73 6.12 2.48 13.63 23.08 7.78 24.59 23.37 20.37 0 17.59 24.77 22.27 
4.78 6.2 14.03 11.91 23.59 22.03 15.59 15.33 21.51 23.35 12.95 14.24 11.9 15.46 3.68 4.52 3.88 18.34 4.01 12.53 22 20.97 18.71 23.05 5.83 18.83 21.77 13.23 15.13 11.72 24.49 17.48 13.57 20.22 14.36 18.24 3.76 8.71 13.87 14.01 18.93 15.7 15.86 5.58 11.42 12.71 17.52 14.28 20.32 14.37 15.98 14.49 7.35 9.47 6.13 14.62 16.14 12.09 10.85 10.71 14.26 6.01 9.9 14.78 18.49 13.77 8.47 25.3 14.82 6.49 15.27 17.59 0 25.22 22.89 
28.35 19.16 27.27 18.84 11.26 22 12.13 14.25 4.22 25.43 29.86 37.81 20.13 17.45 24.96 29.07 21.74 10.54 22.56 26.46 9.1 27.78 9.26 11.84 20.01 13.84 26.48 21.8 11.73 24.84 3.96 12.38 37.16 5.56 20.79 9.02 22.19 27.17 20.44 36.2 13.63 10.54 10.68 28.03 24.87 13.76 21.27 35.73 13.14 19.93 24.47 10.83 21.73 24.13 25.03 10.65 9.32 18.64 19.69 17.2 38.33 29.43 22.81 19.02 27.25 12.9 21.17 29.28 14.51 24.98 10.34 24.77 25.22 0 2.61 
25.87 16.91 24.67 17.36 9.53 19.77 9.53 11.67 1.6 23.19 27.25 35.27 17.52 16.41 22.83 26.85 19.33 8.03 20.09 24.99 7.08 25.35 6.72 9.99 17.84 11.46 24.12 19.2 10.18 23.34 3.02 9.87 34.62 2.95 19.62 7.94 19.99 25.36 19.21 33.62 11.26 8.88 8.07 25.96 22.26 11.18 18.8 33.13 10.91 18.76 21.92 8.41 19.83 22.44 22.47 8.46 7.36 17.17 17.07 14.6 35.81 26.93 20.2 16.45 24.75 10.3 19.37 27.03 13.25 23.04 8.42 22.27 22.89 2.61 0 
5.89 10.63 18.94 24.4 23.27 15.1 11.01 19.24 29.65 10.33 10.43 11.16 24.71 11.17 5.94 8.86 20.35 3.62 12.22 17.97 25.32 21.25 29.05 9.38 23.69 24.95 10.68 13.88 12.29 38.4 13.59 11.6 19.33 14.62 19.69 5.99 14.44 14.65 5.94 26.48 13.03 23.47 12.07 6.5 20.65 10.56 6.36 21.38 16.58 15.6 13.09 17.32 16.26 6.17 12.31 14.83 11.98 13.32 12.17 10.08 1.88 8.99 19.79 19.74 18.76 12.34 27.72 10.09 16.04 12.04 12.45 4.44 16.01 14.71 17.73 5.67 14.53 22.79 12.42 8.4 17.75 22.94 15.16 12.82 14.44 8.62 7.53 6.34 2.73 19.13 4.07 13.1 19.44 21.33 15.96 24.1 1.95 10.73 30.72 18.31 13.21 7.79 19.29 9.03 19.36 19.57 9.31 14.94 2.69 12.77 14.2 14.28 13.13 8.32 9.64 6.33 7.89 6.32 16.1 17.89 23.33 5.47 15.14 12.18 7.38 9.01 12.88 7.85 7.94 6.87 13.04 7.88 20.43 10.42 7.59 15.52 26.69 4.87 8.42 21.6 6.22 7.44 8.12 12.82 4 12.9 12.3 31.27 20.62 17.16 9.58 19.13 11.86 7.21 2.47 12.85 4.62 36 16.99 19.01 14.86 11.72 16.31 35.53 28.91 11.03 15.07 11.53 11.58 7.59 13.25 4.25 15.47 20.92 17.65 14.42 21.36 20.22 26.08 22.39 20.12 31.63 33.28 7.28 16.85 31.64 11.54 17.57 4.58 9.31 7.85 13.86 14.18 23.56 5.96 16.09 13.93 28.87 5.57 28.78 28.01 27.18 6.59 7.06 14.4 6.88 7.63 9.53 4.85 9.64 16.04 14.17 32.66 12.67 12.56 6.6 14.05 27.78 29.77 32.25 32 16.89 21.72 24.79 20.26 17.99 17.63 12.88 3.87 5.34 16.93 10.29 21.16 10.71 7.26 13.09 23.36 15.05 20.18 10.07 23.62 38.64 13.29 10.46 5.89 14.86 13.14 16.62 20.18 3.51 9.32 6.73 4.82 3.88 29.69 23.51 7.69 14.97 11.38 27.9 19.18 29.13 23.23 11.47 2.31 34.77 9.57 6.84 7.86 8.75 7.84 7.47 0.15 17.1 10.95 13.2 22.32 14.7 26.28 19.95 8.79 2.28 35.75 4.64 5.78 6.94 33.28 15.66 25.24 17.52 8.85 7.37 10.53 5.45 7.41 33.37 32.84 19.72 22.19 29.32 33.48 20.25 6.09 22.31 41.03 3.31 11.86 3.75 0.64 29.11 2.99 14.09 18.75 23.21 39.87 10.75 3.66 28.01 9.58 36.04 20.42 30.94 23.75 21.09 39.86 2.57 22.74 10.78 35.44 10.67 13.99 6.52 34.22 4.91 33.57 22.09 11.4 21.11 38.4 13.1 8.69 8.56 24.01 12.1 11.69 17.9 27.42 17.79 14.74 16.74 13.51 32.7 11.01 10.07 38.61 17.04 15.18 28.43 8.73 9.78 6.33 13.79 22.19 2.37 11.86 21.72 5.53 21.18 13.28 15.78 12.73 9.59 10.31 33.64 12.54 7.49 8.74 6.6 17.21 10.1 3.02 5.69 26.81 24.25 9.63 11.33 14.85 10.31 34.13 13.04 16.37 41.77 34.79 13.03 6.61 28.23 15.21 14.53 14.75 12.89 2.53 29.6 13.06 26.33 4.4 11.63 24.14 39.93 20.42 15.5 16.07 21.57 8.53 15.26 40.3 11.77 11.19 10.08 11.66 13.61 29.84 6.43 32.6 39.85 24.32 4.03 30.73 11.56 10.2 2.06 11.34 17.86 19.85 15.47 11.27 20.36 22.44 22.96 13.52 3.1 9.53 16.83 5.15 21.86 5 10.02 17.79 5.48 16.41 10.59 10 19.84 8.97 2.4 20.63 5.61 18.55 16.12 14.68 21.61 20.23 18.87 3.09 10.67 1.44 27.88 7.39 1.8 9.47 12.01 6.91 20.8 13.33 2.64 15.59 11.69 14.67 7.22 7.13 9.6 5.53 3.18 39.1 10.28 8.26 8.88 18.97 1.24 7.92 27.48 16.42 18.14 10.82 9.42 15.05 14.16 5.49 12.65 7.58 20.53 25.4 8.05 24.25 14.2 23.44 10.35 4.49 13.3 28.79 10.29 17 7.03 9.94 7.2 2.58 17.6 4.5 17.5 19.47 16.37 2.8 34.19 7.66 21.98 16.71 8.76 18.22 18.05 24.85 4.31 16.74 4.68 13.89 7.45 4.24 7.73 19.04 4.36 27.16 8.57 8.28 21.42 19.12 17.83 4.37 12.84 19.09 7.46 3.55 21.98 13.55 11.85 4.39 10.34 4.85 24.08 21.72 14.51 25.11 6.41 14.8 10.4 12.15 15.33 12.49 29.71 22.74 16.32 20.23 24.22 38.03 18.93 5.19 10.29 13.64 7.56 17.2 2.93 4.7 15.32 11.46 31.23 21.86 8.68 26.06 4.88 7.27 25.53 1.97 12.44 7.54 19.58 23.28 14.18 26.4 7.07 6.4 5.27 18.17 15.49 10.44 13.59 20.43 7.27 21.31 26.93 5.23 15.29 15.39 12.53 8.91 8.86 18.04 20.19 15.45 46.03 21.46 14.21 9.97 27.98 10.63 21.46 20.01 17.53 20.35 7.01 20.03 13.12 4.01 1.96 20.82 13.66 17.86 46.97 15.23 36.77 22.56 20.48 15.48 20.57 13.13 5.42 18.15 16.12 35.57 17.33 2.62 12.12 36.05 21.29 17.02 19.77 15.57 30.19 41.45 36.18 20.02 38.39 43.89 17.61 14.24 36.13 23.92 35.45 14.77 23.53 9.36 15.66 10.27 23.74 11.24 11.77 21.65 16.52 25.07 28.15 16.65 34.35 8.38 8.56 20.71 31.81 9.05 5.71 7.44 15.48 41.16 4.71 20.6 32 14.35 3.1 25.82 27.82 17.43 13.05 13.07 29.74 18.22 20.73 13.87 25.29 11.81 31.99 22.41 15.5 22.8 29.35 10.44 22.26 17.71 9.12 32.5 27.34 35.75 24.64 7.85 13.91 24.1 18.17 18.31 13.5 20.61 4.94 15.03 28.38 23.14 22.52 3.12 12.78 7.12 7.61 22.87 29.94 10.65 11.65 23.36 26.69 10.4 27.56 13.4 24.37 13.55 10.37 13.93 8.16 8.09 10.74 7.78 13.99 12.68 14.95 30.26 24.78 33.73 12.2 12.85 40.39 24.03 15.4 36.4 17.59 10.02 22.73 22.89 15.61 15.1 33.87 15.15 15.04 40.81 15.17 40.52 30.71 13.2 40 12.25 32.86 31 0.63 24.61 17.37 35.44 15.67 28.58 29.52 2.55 14.95 20.42 16.97 23.15 10.1 20.19 22.78 3.24 32.95 33.34 20.54 16.45 13.47 30.52 8.37 26.32 21.84 16.86 27.65 30.69 1.28 12.02 21.28 16.52 10.37 16.49 31.76 36.14 15.51 16.18 14.6 26.38 20.71 21.24 20.34 20.48 17.99 10.24 11.73 12.55 6.12 24.36 14.45 6.68 8.99 18.79 16.51 11.13 8.6 2.18 19.55 21.58 16.63 10.53 20.77 14.31 30.48 11.12 14.11 21.04 14.8 17.41 5.32 16.77 8.54 12.4 6.17 8.94 7.51 20.82 11.93 11 6.99 8.24 18.56 26.79 4.05 9.39 13.89 12.24 1.2 3.34 20.71 15.39 2.03 2.99 5.86 9.5 12.62 17.42 22.85 18.41 9.08 7.41 10.59 15.69 20.12 9.83 22.9 19.31 23.18 15.7 11.04 26.46 26.91 16.5 25.43 13.03 28.89 19.34 26.97 6.18 6.15 21.62 11.74 17.16 9.09 3.74 6.94 6.42 14.72 4.28 22.66 21.05 8.62 22.15 19.84 32.62 14.67 21.29 23.69 19.65 2.55 37.09 16.47 6.11 5.6 17.4 10.43 9.96 4.05 16.08 21.16 39.6 26.47 24.06 29.02 26.57 13.33 10.31 34.59 4.47 10.54 4.7 28.18 12.72 20.78 21.63 6.59 3.54 14.86 3.88 10.91 24.85 19.01 15.12 36.31 2.86 20.32 33.28 9.96 11.4 4.34 17.91 18.99 13.01 19.45 9.38 17.22 1.87 5.94 15.55 18.64 11.02 9.2 12.73 3.31 16.23 10.35 23.91 23.7 30.91 13.62 20.12 10.53 2.37 3.09 6.85 9.03 16.04 7.36 6.95 14.14 8.99 12.78 13.97 10.65 13.62 13.98 2.91 27.13 7.88 4.14 15.98 30.35 2.41 34.94 12.96 10.16 18.87 8.23 12.24 37.2 35.61 14.38 24.9 7.46 33.15 14.62 24.68 26.36 8.93 41.67 26.08 15.39 34.59 17.51 25.32 6.03 4.52 10.89 15.34 23.09 24.78 29.28 2.26 15.09 11.01 20.71 13.56 13.02 8.57 11.59 11.2 6.03 7.38 7.95 23.27 12.29 18.95 11.72 8.86 13.63 8.05 12.93 11.35 24.27 22.77 8.85 25.42 18.16 7.56 26.22 19.29 6.51 16.78 32.27 21.22 1.56 13.6 26.15 24.49 20.99 25.09 3.53 11.95 13.45 10.88 13.27 9.54 14.26 7.82 23.41 22.94 15.73 10.64 2.23 16.27 20.06 20.43 16.09 18.64 10.87 10.5 13.59 7.28 16.34 13.21 21.8 7.84 8.55 6.36 4.09 7.89 4.26 6.79 18.17 13.69 10.86 8.95 19.59 11.62 8.08 7.32 8.75 5.01 6.19 16.43 18.29 8.96 6.48 20.25 2.44 15.79 13.23 12.68 22.3 4.51 24.19 1.34 4.83 14.84 3.7 15.52 16.15 8.1 27.46 11.23 1.05 25.86 7.92 22.96 16.15 16.88 32.92 14.87 35.18 3.99 5.8 2.95 17.29 16.84 5.55 7.11 28.1 3.86 22.96 15.25 8.4 17.81 21.97 23.52 4.6 10.33 18.62 10.42 5.84 34.96 10.64 18.53 8.86 24.38 3.33 10.78 11.14 8.45 14.64 4.73 9.36 17.04 7.66 4.22 8.7 16.78 17.49 15.53 26.53 6.15 8.72 22.23 7.86 20.3 19.59 23.47 19.85 17.1 21.45 20.74 10.52 3.36 14.09 22.51 15.06 13.48 10.45 16.78 9.21 5.84 5.24 15.37 13.21 18.02 13.36 15.23 14.72 10.11 15.36 2.61 12.5 17.6 9.16 7.46 5.9 8.79 8.76 8.38 11.7 18.62 14.38 7.42 17.77 17.14 10.83 16.21 18.38 3.15 12.57 28.41 38.28 18.55 25.23 36.11 10.26 34.72 37.22 30.18 10.8 1.76 29.5 36 23.37 31.94 5.25 17.92 15.44 2.6 6.39 26.96 16.28 22.13 19.24 6.67 33.7 23.49 25.11 16.01 29.8 8.38 18.08 26.24 7.68 2.65 13.5 16.19 20.08 5.84 23.67 25.11 33.91 25.57 21.75 15.28 22.04 14.1 4.41 32.12 14.99 8.82 23.47 19.88 7.92 27.12 16.69 26.55 4.06 2.2 24.52 6.37 18.6 9.37 14.56 37.29 5 6.89 21.77 5.3 29.7 14.19 19.93 15.26 27.66 44.42 6.71 11.37 8.06 27.98 9.02 8.99 15.25 15.5 3.37 24.66 20.42 10.08 22.67 25.36 22.67 12.99 9.93 20.6 19.85 14.54 41.62 26.21 18.53 12.47 28.03 11.29 16.09 10.72 23.74 19.5 6.38 15.57 15.51 5.67 7.23 14.34 18.55 25.61 11.96 1.38 8.86 18.41 33.44 26.07 15.27 14.27 24.51 24.07 17.82 12.96 32.5 15.98 23.49 19.54 13.1 18.69 31.98 8.39 24.55 4.9 24.29 18 42.85 5.74 27.93 13.94 30.02 9.18 15.26 17.84 36.83 14.92 20.2 32.05 21.59 9.31 7.8 2 19.01 19.81 4.02 25.88 30.12 12.36 2.42 20.5 38.09 18.22 8.16 9.2 3.21 15.82 9.39 16.11 23.09 4.42 2.99 26.69 3.03 18.27 10.87 10.08 23.62 21.65 19.54 2.93 11.37 2.42 32.19 20.65 5.38 14.55 17.73 2.7 24.35 12.34 7.44 16.74 31.15 22.99 8.39 9.37 21.05 7.59 13.11 26.65 32.27 12.66 6.95 9.94 5.62 26.09 29.63 15 22.46 5.52 20.41 22.48 11.4 6.49 23.73 3.24 9.58 8.72 22.23 41.95 6.24 8.15 27.23 7.43 29.7 8.67 23.37 25.94 15.3 39.14 5.61 16.12 9.65 14.95 23.12 7.59 7.9 17.34 1.86 24.14 15.85 8.72 23.84 15.6 17.52 9.16 13.61 21.9 12.63 12.84 30.92 32.44 22.59 10.7 21.63 8.02 27.05 24.96 23.66 32.31 7.93 21.14 29.03 14.96 9.24 13.48 22.57 16.06 13.16 10.12 16.87 9.26 18.05 12.09 11.64 8.43 2.76 8.55 12.25 10.59 16.89 8.96 10.16 7.98 17.92 4.84 17.76 27.74 14.29 5.24 18.64 13.89 5.57 8.71 10.07 11.24 13.29 3.53 14.91 10.6 14.8 14.61 10.13 13.09 26.02 5.93 2.52 22.58 8.31 7.19 8.99 25.97 3.21 24.16 19.07 13.31 12.02 8.3 28.85 7.66 2.08 29.46 7.46 25.38 18.2 24.2 20.6 24.44 25.43 0.18 10.66 3.53 15.84 11.98 7.28 8.77 28.15 0.84 12.29 11.46 9.37 26.52 28.83 15.11 7.3 17.44 20.25 4.88 4.47 33.38 24.13 15.75 4.11 8.96 6.35 27.65 17.08 19.13 26.15 7.54 7.08 9.9 10.87 6.6 6.02 35.22 30.16 27.29 15.33 11.51 19.75 19.48 30.91 17.85 35.04 39.71 21.08 8.63 15.76 17.78 22.17 9.61 18.35 7.98 18.24 18.4 20.14 5.57 19.98 26.11 37.36 16.07 23.05 19.87 18.22 11.93 10.77 34.97 19.13 15.96 9.82 3.58 16.61 40.1 5.26 41.49 29.22 16.75 3.56 28.49 36.71 34.52 23.23 19.46 27.28 13.16 19.16 13.89 31.75 19.14 17.7 28.14 15.89 16.19 6.32 9.52 11.67 19.94 5.06 12.68 3.74 22.3 7.43 33.99 2.23 13.56 24.79 17.86 6.51 18.73 12.17 27.55 4.15 8.33 15.02 6.56 4.06 4.48 4.98 11.58 22.33 13.56 15.17 13.7 10.23 3.83 18.49 18.84 22.05 7.82 18.91 13.05 23.77 7.7 9.57 2.35 12.94 18.89 11.42 24.1 12.48 1.98 7.94 22.99 10.85 7.25 27.86 28.17 12.93 10.15 27.65 6.11 8.16 17.54 14.35 5.51 2.34 7.52 9.57 6.25 20.65 17.43 9.82 11.95 16.94 12.91 4.88 43.29 4.33 18.67 1.3 20.1 15.15 13.83 10.24 33.27 31.49 31.43 21.31 4.27 22.92 5.82 2.38 2.77 29.04 15.91 19.36 20.74 8.64 24.35 24.26 21.65 22.82 16 3.81 32.67 11.33 8.08 2.94 19.28 23.17 23.42 8.33 18.35 12.23 21.91 20.63 12.29 25.94 26.45 12.99 5.52 53.1 14.98 3.86 19.13 24.4 10.51 15.56 19.32 12.08 19.12 4.14 32.12 15.32 25.18 33.2 19.4 18.58 8.42 9.83 12.89 41.89 18.34 15.9 24.56 25.51 6.01 24.34 28.68 7.15 24.15 32.29 31.02 10.56 6.58 13.44 23.49 15.62 31.03 15.45 29.11 8.88 15.24 14.36 14.05 37.13 19.96 29.37 15.89 12.05 20.21 4.97 2.75 17.76 9.98 11.17 14.62 10.02 18.11 20.34 24.41 1.4 10.29 3.8 12.94 19.17 4.75 6.01 34.38 3.77 12.75 17.74 6.77 26.57 23.04 12.37 10.26 6.8 20.62 8.65 8.89 41.68 26.09 11.86 9.01 12 2.38 10.86 12.31 18.3 27.33 14.53 18.53 13.69 10.82 5.25 45.28 24.94 39.12 25.99 10.84 37.53 2.73 33.42 36.05 33.09 17.38 21.54 31.05 30.6 2.98 22.6 32.05 10.49 17.13 25.54 24.5 15.16 32.9 18.38 24.48 14.34 15.57 1.08 11.19 10.1 21.59 21.18 22.3 18.19 32.09 41.27 26.59 35.13 15.92 16.07 51.06 49.34 26.39 5.03 13.54 27.86 19.53 27.94 12.4 4.38 3.29 32.9 21.44 6.64 12.65 37.27 11.95 23.4 19.63 7.46 12.58 24.28 17.06 3.22 3.34 19.65 15.11 15.47 37 20.09 17.41 16.29 22.81 8.72 21.68 32.3 9.62 27.3 7.57 26.91 16.03 4.4 1.89 6.53 7.46 7.41 0.7 42.33 19.19 13.29 10.02 6.51 20.79 13.17 38.44 26.57 12.99 0.59 32.96 20.32 8.99 4.23 12.49 7.83 18.25 3.93 25.34 13.99 31.37 29.18 23.91 15.18 19.84 15.9 8.78 44.87 4.48 9.51 8.59 28.94 11.39 27.14 27.07 14.74 17.32 16.9 39.97 16.25 3.4 10.23 16.72 32.17 10.53 19.73 42.41 19.68 13.17 33.79 4.86 14.07 15.54 15.25 4.19 2.6 7.86 21.41 6.91 17.38 12.78 17.62 24.71 24.31 12.21 12.57 27.28 4.95 22.37 2.34 33.48 22.23 8.2 8.58 11.21 8.98 16.5 19.72 16.45 7.72 3.62 10.03 14.16 9.14 21.5 19.14 16.23 19.08 6.39 2.48 3.82 7.97 12.45 15.21 4.79 8.87 14.36 21.18 10.73 9.85 16.55 25.19 15.7 5.34 25.32 6.37 6.01 15.73 21.84 4.85 26.64 26.3 11.04 24.63 31.24 17.83 19.02 5.48 18.47 13.08 16.98 25.16 24.91 5.02 16.32 20.86 6.4 2.61 7.78 20.89 26.23 10.32 13.86 13.1 21.23 11.41 27.13 24.82 20.11 21.43 8 35.29 14.7 2.48 22.26 34.48 10.89 31.42 24.26 41.48 31.38 11.44 25.14 8.45 12.39 12.48 30.69 19.87 12.5 0.97 21.39 14.15 5.98 7.37 22.96 13.47 14.74 3.55 20.32 11.97 28.25 22.4 11.22 32.51 20.2 18.39 2.9 47.94 3.15 5.83 5.83 17.39 8.99 23.69 15.69 37.5 18.95 20.89 16.99 13.95 13.78 16.54 1.67 25.66 26.72 8.45 26.76 15.15 15.64 6.66 18.92 24.13 18.37 9.62 27.23 4.95 8.97 19.22 20.65 14.76 18.54 23.81 30.01 41.77 19.71 39.24 16.36 17.53 42.16 37.9 13.39 7.5 19.13 8.68 9.48 7.1 12.42 0.75 27.07 6.34 9.81 10.66 23.89 9.06 9.3 14.8 21.98 9.1 8.57 15.57 12.41 13.39 8.01 16.71 4.48 23.86 19.05 15.29 15.81 15.93 15.52 14.51 20.44 15.42 7.54 17.26 16.64 10.52 20.05 40.51 16.85 11.03 29.27 6.31 11.83 18.87 18.55 4.32 2.35 6.7 8.58 10.36 38.81 13.02 10.79 8.58 31.34 4.16 5.76 26.63 6.51 19.81 1.52 27.64 22.3 14.17 5.29 27.56 19.78 3.09 6.85 23.35 6.78 20.73 17.36 2.13 19.95 23.2 21 4.97 4.53 7.69 13.22 9.11 24.38 10.44 14.07 8.9 25.13 1.4 11.68 13.75 9.48 12.71 4.71 10.48 17.68 15.85 4.04 16.9 13.51 29.46 8.97 29.53 14.39 31.67 26.42 5.88 6.24 9.08 9.71 22.61 6.15 12.86 12.04 20.34 14.45 8.04 10.33 22.87 14.74 9.21 37.65 22.56 4.62 19.77 25.81 3.16 40.68 15.83 12.79 10.83 5.97 17 19.23 4 8.58 12.2 15.22 3.13 23.88 16.34 30.35 4.14 4.43 9.96 10.82 3.69 5.46 4.86 11.16 24.16 9.68 30.8 10.7 24.73 3.51 9.34 13.23 20.7 8.65 22.95 11.16 11.57 18.65 3.82 12.61 17.11 9.2 7.66 7.48 13.62 5.45 3.95 20.99 17.05 13.41 4.57 12.55 1.43 13.07 13.77 12.56 9.05 5.62 15.02 15.69 11.6 11.09 10.87 7.32 34.4 4.06 8.68 11.64 14.11 13.93 11.18 17.11 12.89 6.01 4.94 22.36 17.03 6.17 5.19 4.29 9.1 29.44 7.87 29.62 15.79 14.7 2.28 21.77 13.06 26.66 34.83 24.89 12.69 35.25 14.48 32.74 8.76 13.32 17.55 17.82 16.64 26.01 3.47 10.19 19.11 22.29 8.16 32.26 15.72 26.38 42.54 13.39 38.3 14.02 12.24 32.4 29.79 33.15 14.66 10.71 17.1 30.54 14.2 9.14 10.87 22.25 8.74 9.84 26.68 24.39 12.2 8.49 10.18 5.38 12.33 11.65 26.73 19.86 17.46 12.06 16.61 10.8 12.47 20.93 7.25 8.02 4.83 22.49 9.79 17.29 4.2 16.27 19.03 15.76 16.29 16 20.49 23.65 21.94 6.25 22.24 6.59 7.47 8.42 18.97 14.32 21.16 17.06 10.73 26.38 33.9 6.98 11.1 10.81 22.48 4.83 5.07 15.29 15.43 7.95 4.29 3.51 14.3 26.02 8.68 25.53 20.33 21.11 2.32 14.66 23.68 29.49 7.08 9.84 16.18 1.86 1.95 7.73 9.1 5.42 21.89 27.19 8.58 11.68 16.05 3.5 11.41 34.16 10.31 13.37 3.24 15.52 9.69 11.4 10.62 4.79 14.62 12.44 17.84 2.57 19.81 15.37 19.99 16.27 11.23 14.46 28.11 10.4 0.62 21.67 4.44 2.41 11.49 20.77 4.25 24.29 13.23 18.74 8.64 9.79 4.47 18.99 14.59 25.79 12.53 9.18 11.6 30.86 21.32 4.16 33.09 13.37 4.07 14.18 26.75 4.89 17.25 12.91 12.16 24.48 18.48 3.47 6.15 10.72 4.8 2.91 11.06 17.2 10.65 10.63 18.36 24.83 13.78 24.55 12 4.42 27.55 25.61 1.93 6.31 12.86 7.89 22.82 25.08 15.5 14 11.06 3.04 16.77 33.18 9.15 13.49 2.26 19.3 15.04 15.02 6.98 11.66 8.43 9.14 19.67 15.39 7.97 17.52 33.29 5.07 10.52 19.36 5.67 17.67 0.59 12.43 18.75 7.12 4.32 11.96 18.49 20.68 20.74 22.28 12.52 23.25 7.01 2.36 35.35 2.84 9.44 4.86 31.45 17.03 22.16 19.9 2.23 12.44 14.66 4.06 2.56 9.85 3.69 12.3 14.82 18.97 16.53 16.3 10.71 11.34 10.2 23.02 18.77 11.58 6.72 4.51 15.26 2.75 9.98 25.5 16.38 19.9 6.82 6.93 15.47 15.59 17.18 10.85 24.05 11.83 15.03 29.33 21.08 20.4 16.65 22.24 20.25 29.6 17.42 50.17 33.62 4.66 19.58 23.09 21.9 10.4 30.88 25.07 8.15 29.84 13.5 4.29 39.19 15.36 7.9 6.12 10.29 10.16 8.54 10.84 21.31 15.17 7.3 8.7 26.04 25.12 9.05 10.65 18.33 6.91 22.61 18.82 14.47 8.57 16.69 16.07 8.95 16.98 23.64 5 30.62 18.76 25.74 3.56 11.55 32.72 13.56 15.35 24.02 13.3 12.24 8.83 10.86 14.34 17.91 11.19 16.32 8 2.36 7.77 27.33 6.44 13.22 18.2 29.38 45.55 18.99 5.94 27.83 36.33 20.15 13.59 6.65 33.35 20.91 14 8.9 10.13 28.33 6.09 14.8 30.72 15.31 13.24 15.16 10.77 19 21.12 20.1 32.06 27.24 1.83 
2.12 2.86 2.85 2.24 1.33 1.34 1.86 1.08 2.64 1.25 1.73 2.33 1.35 1.89 1.78 2.91 2.21 2.82 1.24 1.68 1.53 2.39 1.33 2.97 1.49 1.68 1.09 1.59 1.69 2.97 1.21 1.58 2.66 2.89 1.19 2.73 1.39 2.15 2.64 1.2 2.01 2.97 2.2 1.35 2.83 1.46 2.08 1.68 2.75 1.02 2.49 2.48 1.53 2.21 1.9 2.89 1.86 1.25 2.77 2.35 1.03 2.08 1.35 1.22 2.65 1.8 2.92 1.38 1.65 2.29 1.06 2.7 1.66 1.39 2.52 2.87 1.37 1.89 1.92 1.44 1.37 2.21 2.02 1.5 2.38 2.83 1.97 2.68 1.02 2.56 1.08 2.55 1.9 2.45 2.74 1.22 1.07 1.61 1.52 2.15 1.14 2.53 2.49 2.39 2.4 2.3 2.02 2.52 1.65 1.74 2.58 2.71 2.72 1.89 2.9 2.2 2.51 2.64 2.39 2.66 1.34 2.76 2.84 1.27 2.6 2.18 2.08 1.55 2.15 1.26 1.62 1.87 1.81 2.72 1.35 1.98 2.16 2.39 2.94 2.9 1.5 2.58 2.07 2.89 2.27 2.47 1.1 2.92 1.38 2.85 1.07 2.09 2.19 2.11 1.74 2.77 2.27 2.22 1.03 1.19 2.92 2.66 2.71 2.43 2.58 1.59 1.14 2.29 1.72 1.3 2.56 1.71 1.57 2.93 1.63 2.54 2.78 1.42 1.68 1.01 1.6 1.89 2.99 1.2 1.93 1.74 2.67 2.05 1.14 2.8 2.29 2.23 1.52 2.78 1.3 2.68 1.54 1.09 2.17 1.04 1 1.77 1.23 1.56 1.64 2.41 1.45 1.18 1.74 1.18 2.74 2.91 2.52 1.04 2.03 1.28 1.92 1.92 1.39 1.37 2.5 2.89 1.48 1.63 1.05 1.58 1.03 2.61 1.59 2 1.92 1 2.8 1.46 2.22 2.1 2.37 1.59 2.68 1.34 1.83 1.24 1.24 2.03 2.72 2.63 1.1 2.57 2.5 1.86 2.7 1.77 2.57 2.58 1.29 1.43 1.58 1.97 2.39 2.97 2.77 2.11 2.8 1.93 2.99 1.11 1.83 1.96 1.54 2.09 1.51 2.47 2.66 2 1.3 2.67 1.62 1.97 2.19 2.36 1.05 1.67 2.4 1.48 2.6 2.97 1.37 2.6 2.27 1.94 2.91 1.73 1.99 2.31 2.23 2.62 2.47 2.42 1.33 2.76 1.91 2.38 1.06 1.19 2.77 2.91 1.9 2.29 1.7 1.46 2.07 2.9 1.92 2.58 1.26 1.53 2.74 2.1 2.46 1.16 1.19 2.43 1.13 1.81 1.31 2.34 2.63 2.85 1.05 2.02 2.98 1.13 1.15 2.13 1.47 2.92 1.79 2.43 1.14 1.23 2.44 2.3 2.82 1.44 2.45 2.85 1.12 2.17 2.3 1.09 2.09 2.15 1.48 1.34 2.59 3 1.67 1.07 1.38 1.3 1.6 1.73 2.19 2.75 2.08 1.86 2 2.16 2.32 2.03 2.01 2.95 2.37 2.89 1.22 2.28 2.98 1.64 2.72 2.42 1.44 1.96 1.04 1.6 1.2 1.73 1.87 2.28 3 2.32 3 1.76 1.95 2.16 1.11 2.23 2.33 1.18 2.8 2.53 2.02 2.11 2.6 1.72 2.89 2.53 1.26 2.61 2.85 1.12 1.83 2.54 1.46 1.84 2.93 2.48 1.47 1.44 2.53 1.44 2.38 2.96 2.75 1.01 2.97 3 1.12 1.2 2.65 2.68 1.01 2.41 1.39 2.2 1.89 1.02 2.6 1.56 1.89 2.73 2.49 2.57 1.32 1.54 2.54 2.77 2.47 2.77 2.42 1.46 1.03 1.49 1.72 2.72 1.19 2.84 2.55 1 2.52 2.34 2.77 1.82 2.75 1.39 2.16 2.69 1.99 1.21 2.86 1.3 2.97 1.92 1.2 2.09 2.95 1.69 1.94 1.87 1.25 1.54 1.16 1.76 2.97 2.22 1.98 2.5 1.63 1.98 1.5 1.84 2.58 1.21 1.49 1.3 1.31 2.01 2.88 3 1.95 1.68 2.15 2.1 1.44 2.45 1.38 2.9 1.48 1.99 1.86 1.12 2.04 2.83 1.73 1.25 2.86 2.52 1.22 2.1 2.61 2.16 1.72 2.26 1.59 2.51 2.47 2.68 2.74 1.66 1.1 1.62 1.73 2.86 2.04 1.2 1.22 1.5 2.37 1.27 2.75 2.66 1.59 1.67 2.45 1.55 1.28 1.87 2.29 2.32 2.42 2.38 1.4 2.18 2.03 1.85 2.84 1.84 2.49 2.43 2.25 2.99 1.55 2.05 2.41 2.01 2.98 1 1.22 1.43 2.49 2.37 1.58 2.86 1.28 1.58 1.16 1.8 1.95 2.64 1.79 2.48 1.46 1.05 2.53 1.84 2.31 1.44 2.61 1.89 1.18 2.27 2.03 1.42 1.72 2.66 2.1 1.63 2.46 2.83 1.35 1.47 1.09 2.31 1.64 2.64 2.25 1.96 1.8 2.55 2.82 1.47 2.9 2.89 1.44 1.04 1.42 1.81 1.36 2.67 2.23 2.21 1.41 2.68 1.25 1.5 2.23 2.89 1.77 1.06 2.88 2.99 2.51 1.83 2.58 2.45 1.86 1.18 2.65 2.82 1.12 1.82 1.92 1.29 2.12 2.44 2.25 2.21 2.39 1.9 1.11 2.19 1.96 1.51 2.82 1.25 2.05 2.73 2.74 1.28 1.43 2.71 1.79 2.77 2.72 1.85 2.28 2.83 1.95 2.64 1.72 1.24 2.7 2.64 2.47 2.03 1.05 1.01 2.91 1.25 2.96 2.91 2.35 1.75 1.11 1.43 2.14 2.54 1.63 1.63 1.84 1.2 2.21 1.97 1.7 2.55 2.76 1.73 2.58 2.74 2.76 2.17 1.75 1.32 1.27 1.03 2.56 2.72 2.22 1.52 1.36 2.05 1.48 2.56 1.02 2.07 2 2.53 1.16 2.14 2.09 1.7 1.12 1.11 2.12 1.21 2.01 1.65 2.62 2.81 2.78 2.41 2.03 1.83 1.91 2.14 2.43 1.93 1.17 1.24 1.11 1.85 2.66 1.46 1.41 1.58 1.85 2.8 1.87 2.55 2.55 2.69 2.64 1.43 1.21 2.48 2.23 1.78 1.25 2.36 1.19 1.23 1.26 2.9 2.56 2.81 2.49 1.71 2.93 1.42 2.58 2.62 2.35 2.85 2.73 1.29 1.19 1.77 2.82 2.69 1.04 2.03 2.08 1.63 1.47 2.43 1.66 1.79 2.5 2.14 2.91 1.97 2.44 2.41 1.37 2.59 2.16 1.22 2.68 1.18 2.43 2.47 1.76 2.69 1.46 2.39 2.6 2.38 2.16 1.87 2.75 1.38 2.79 2.69 2.46 1.66 1.75 1.09 1.13 2.39 2.05 1.64 1.43 2.91 1.26 2.43 1.51 2.53 1.6 2.23 2.68 2.63 1.49 1.1 2.88 2.49 2.99 1.43 2.17 2.51 2.78 1.68 1.41 1.66 1.39 1.06 1.41 2.29 1.61 2.96 1.21 2.86 2.91 2.65 2.32 2.45 1.58 2.73 1 3 2.77 1.97 1.75 1.09 1.94 2.41 1.05 1.93 2.4 1.77 2.48 2.51 2.46 1.97 1.75 1.14 2.2 2.92 1.7 2.09 2.23 2.63 2.46 2.52 2.08 2.6 2.05 2.91 2.24 1.41 2.19 1.14 2.33 1.55 2.16 2.65 2.29 2.25 2.36 1.96 2.37 2.4 1.5 2.23 1.63 2.45 1.64 2.52 1.49 2.78 1.01 2.67 1.82 1.47 2.58 1.92 1.63 1.87 2.12 1.58 1.26 1.88 2.43 1.21 2.11 1.09 1.09 2.38 2.34 1.76 1.93 2.53 2.34 1.14 2.19 2.51 1.72 1.91 1.86 1.57 2.55 2.37 2.15 2.57 1.47 2.1 2.07 2.45 2.64 1.8 2.99 2.87 1.53 2.28 2.09 2.4 2.93 1.81 2.79 2.32 2.68 2.94 1.82 2.62 2.83 2.87 2.59 1.13 1.14 2.09 2.29 2.91 1.61 2.26 2.74 1.37 1.41 2.03 2.67 2.53 1.11 2.81 2.1 2.02 2.94 1.94 2.54 2.88 2.61 1.81 2.51 1.65 3 2.72 1.16 2.14 1.53 1.5 1.6 2.94 1.26 1.77 1.84 2.33 2.06 2.08 1.58 1.64 2.77 1.73 2.86 1.7 2.08 2.28 2 1.44 2.42 1.08 2.13 1.85 1.88 2.2 2.45 2.3 1.97 1.16 2.07 2.09 2.82 1.95 1.25 1.71 2.56 2.73 2.31 2.45 2.1 2.56 2.43 1.01 1.76 2.72 2.26 2.42 1.64 2.59 2.15 2.34 1.88 1.02 2.19 1.51 2.57 1.09 1.8 1.45 1.25 1.33 1.63 2.37 2.32 1.99 2.51 2.34 2.45 1.7 2.51 1 1.09 1.21 1.92 1.99 1.51 1.49 1.52 1.98 2.78 1.18 1.04 1.14 2.29 1.99 1.03 1.1 1.49 1.71 2.92 1.18 1.48 1.11 2 1.91 2.62 2.63 1.36 2.63 1.35 2.47 2.39 2.67 1.35 2.77 1.89 2.15 2.21 1.58 2.23 1 1.55 2.38 2.09 1.13 1.5 1.2 2.13 2.81 2.36 2.1 2.91 2.5 2.4 1.67 2.26 2.73 1.13 1.75 2.81 1.39 2.59 1.73 2.81 1.13 2.08 2.8 2.95 2.15 2.97 1.55 1 2.86 2.99 1.56 1.87 2.63 2.47 1.03 1.78 1.77 2.03 1.49 2.03 1.5 2.63 2.91 2.47 1.71 2.56 2.15 2.78 2.5 2.73 1.35 1.5 1.16 1.64 2.04 2.98 1.43 2.08 2.81 1.44 1.98 1.18 1.16 1.8 1 1.06 2.6 1.31 2.29 2.29 1.93 1.53 1.24 1.87 1.82 1.77 2.87 2.33 1.78 2.25 2.7 1.09 2.04 1.45 2.4 1.3 1.99 2.58 2.7 2.61 1.93 2.14 1.91 1.17 2.52 2.38 2.51 2.28 2.27 1.14 1.44 1.94 2.59 1.69 1.9 2.72 2.51 2.27 1.12 3 1.47 1.27 1.86 2.11 1.54 2.48 1.56 1.36 1.4 1.53 1.47 2.74 2.42 2.7 2.99 2.93 2.09 1.1 2.53 1.98 1.32 2.58 1.54 2.79 1.61 1.68 2.41 2.95 1.94 1.04 2.41 2.12 1.22 2.79 2.76 1.18 2.63 1.41 2.39 1.15 1.88 2.6 2.27 1.64 2.8 1.78 2.68 1.55 1.17 2.42 1.32 1.06 1.93 1.95 1.71 1.51 2.14 1.69 2.94 1.1 2.14 2.27 1.63 2.26 1.77 2.78 1.28 2.8 1.05 2.1 1.49 2.87 2.01 1.46 2.78 1.49 2.57 2.91 1.48 1.11 2.24 1.79 2.3 1.55 1.4 2.71 2.15 2.03 2.3 1.06 2.53 2.95 2.09 2.96 2.88 2.96 1.17 2.22 2.28 2.32 1.62 1.43 2.62 1.87 1.45 2.83 1.44 1.47 2.22 2.72 2.84 2.59 2.64 1.79 1.69 2.25 1.97 1.07 2.14 1.13 1.23 1.95 1.21 1.12 1.83 1.28 2.97 2.74 2.16 1.11 1.48 2.22 2.06 1.27 2.43 2.47 2.91 2.52 1.95 1.76 1.29 2.85 1.16 2.04 2.73 1.8 2.92 1.11 2.96 2.56 1.79 2.53 1.09 1.61 2.17 1.26 2.36 2.33 1.87 1.12 2.68 2.4 1.77 1.81 1.14 2.43 2.73 1.89 1.97 1.19 2.81 1.48 2.27 1.83 1.96 2.53 1.9 2.36 2.22 1.09 2.58 1.39 2.33 1.09 2.99 2.21 1.38 2.13 1.68 2.26 2.61 2.71 1.66 2.05 2.95 1.62 2.62 2.79 2.12 2.52 1.23 2.6 1.65 2.82 2.7 1.39 1.62 2.09 2.64 2.91 2.96 2.07 2.1 2.98 1.99 2.55 1.07 1.08 1.95 1.28 2.86 2.04 1.05 1.02 2.93 1.11 1.84 2.98 1.27 1.21 2.3 1.54 2.36 1.47 2.99 2.98 1.06 1.98 1.6 1.77 2.17 1.95 1.46 2.93 1.8 1.68 1.89 1.73 2.48 2.42 1.97 1.43 1.82 1.9 2.19 2.58 1.39 1.54 2.3 2.39 2.87 1.51 2.04 1.31 2.04 1.55 2.44 2.05 2.91 1.31 2.37 1.6 1.01 3 1.06 1.68 2.97 2.82 2.35 2.45 1.29 1.43 2.46 2.25 1.64 2.87 1.98 2.98 2.97 2.29 1.09 1.17 2.11 2.59 2.97 1.13 1.83 1.54 2.52 1.25 2.73 2 1.38 2.64 2.52 2.43 2.08 1.18 1.73 2.82 2.48 1.43 2.76 2.32 1.57 2.4 2.27 1.1 1.35 2.68 2.48 1.32 2.13 1.86 2.82 2.28 1.81 1.27 2.42 1.18 2.92 2.79 2 1.6 1.04 2.92 3 1.86 1.79 1.36 1.55 2.93 2.44 2.56 2.91 2.42 2.31 1.53 2.81 1.74 2.21 1.27 1.84 1.71 2.14 1.78 1.68 1.46 2.27 1.04 1.47 1.22 2.08 1.75 1.26 2.73 2.89 1.48 1.95 1.64 2.58 1.14 2.52 1.62 1.55 2.54 2.92 1.83 2.8 2.39 1.19 2.78 1.61 1.34 1.93 1.35 1 1.37 2.59 1.97 1.03 2.75 1.51 1.39 1.64 2.34 2.03 2.98 1.29 2.42 1.74 1.37 1.76 2.42 1.99 2.16 1.94 1.25 2.94 1.87 2.06 2.56 2.51 1.42 1.39 2.31 2.7 1.23 1.58 2.09 2.17 2.67 1.82 1.61 2.27 2.35 2.16 1.76 2.82 2.97 1.74 2.68 1.66 1.44 1.62 2.13 2.15 2.98 2.82 1.38 2.1 2.75 2.24 2.72 2.67 1.66 2.61 2.86 2.98 1.39 1.59 2.32 2.3 1.39 1.33 2.03 2.37 1.93 1.22 2.12 1.13 2.36 2.68 2.35 2.24 1.36 1.51 2.23 2.35 1.36 2.34 2.85 2.54 1.7 2.38 2.57 2.76 2.75 1.1 2.47 2.63 2.76 1.92 1.47 1.67 1.06 1.26 1.17 1.48 2.84 1.43 2.62 1.49 1.65 1.53 2.48 2.76 1.68 1.8 1.58 2.84 1.7 1.78 2.32 1.4 2.97 2.53 2.75 2.77 2.73 1.92 1.67 2.58 1.27 2.43 1.98 2.01 1.43 2.29 1.44 2.14 2.75 2.32 1.39 1.41 2.53 2.74 1.14 1.58 1.75 1.72 2.1 2.8 1.34 1.31 1.65 2.82 1.76 1.8 2.95 1.74 2.64 2.92 2 2.72 2.03 1.88 1.24 2.17 1.4 2.08 2.07 2.04 2.47 2.44 1.67 1.41 1.57 1.78 1.3 2.21 2.11 1.63 2.73 2.59 2.63 2.15 1.66 1.91 2.28 2.21 1.79 1.64 2.69 1.13 2.07 1.91 2.92 2.14 1.71 1.86 2.87 1.42 1.38 1.85 1.64 1.43 1.57 2.96 2.36 1.16 1.09 2.96 2.28 2.89 1.39 1.4 2.94 2.45 2.08 2.8 1.81 2.9 1.03 1.47 1.87 2.48 1.32 2.03 2.96 1.96 2.82 1.89 2.65 2 2.63 1.15 1.06 1.8 2.28 2.6 1.53 2.19 1.51 1.22 2.68 1.82 2.98 1.54 2.63 1.43 1.76 2.69 2.56 1.89 1.26 1.27 2.44 1.88 2.38 2.04 2.15 1.26 2.92 1.96 2.57 2.44 2.2 2.61 2.47 1.17 1.93 1.86 2.67 1.42 2.59 1.37 2.84 1.7 1.41 2.24 1.02 1.27 2.46 1.64 1.78 2.27 2.16 2.06 1.37 1.3 2.74 1.7 1.38 2.82 1.45 2.84 1.56 2.52 1.25 1.86 2.51 2.11 1.77 1.21 2.42 2.28 1.37 2.85 1.24 2.88 1.65 1.75 2.52 1.22 1 2.82 1.64 2.17 2.43 1.83 2.84 1.69 1 2.04 2.74 2.47 2.83 2.33 1.41 2.86 2.16 1.55 1.02 2.2 1.86 2.16 2.35 1.2 1.96 1.97 1.29 2.65 1.59 1.37 2.47 1.42 1.11 2.38 1.43 2.59 1.74 1.64 1.87 1.04 2.63 2.83 1.15 1 2.52 1.13 3 1.24 2.23 1.24 2.67 1.99 1.5 1.28 1.1 1.68 1.29 2.17 1.54 1.4 2.15 1.35 1.19 1.11 1.68 1.44 1.38 1.62 2.69 1.43 2.68 2.25 2.23 1.02 2.59 2.27 2.89 1.08 2.19 2.3 1.71 1.68 1.16 1.06 2.74 2.03 2.27 2.1 1.5 1.83 1.44 2.42 1.18 2.93 2.06 2.48 2.41 2.16 2.67 2.34 1.02 2.28 2.34 1.27 1.29 2.5 2.04 1.13 1.37 2.91 1.86 1.77 1.89 2.47 1.32 1.98 2.78 2.93 2.38 1.98 1.59 2.35 1.48 2.01 1.69 2.4 1.42 2.77 2.18 1.66 1.57 2.85 1.32 2.15 2.87 1.03 2.44 2.12 1.53 1.35 2.43 2.34 1.8 2.37 1.1 2.19 2.79 2.33 1.82 1.52 1.15 1.67 1.65 2.07 1.12 1.56 1.6 1.01 2.71 2.07 2.66 2.09 1.29 2.19 1.39 2.03 1.5 1.56 1.1 1.76 1.98 1.76 1.38 2.18 2.88 1.73 2.63 2.57 2.35 2.71 1.02 2.26 1.14 2.76 2.63 2.36 2.87 1.36 1.75 1.02 2.13 1.68 2.79 2.52 2.13 2.5 1.79 2.06 2.25 1.73 1.91 2.39 1.44 2.2 2.7 2.18 1.03 2.64 2.76 2.17 1.74 2.65 2.53 2.73 1.93 1.51 2.65 1.72 2.21 2.71 2.16 1.71 1.15 1.78 2.27 1.14 1.19 2.76 2.19 1.08 2.24 1.56 2.41 1.76 2.78 1.54 1.86 1.1 1.03 2.71 2.78 2.63 1.62 2.76 1.55 1.35 2.19 1.58 2.72 1.4 1.64 1.9 1.62 1.33 2.09 1.52 1.89 1.15 2.85 1.08 1.3 1.21 1.64 1.92 1.1 2.91 2.1 1.49 1.17 2.72 2.77 2.68 1.01 2.62 1.78 2.58 2.17 1.74 1.46 1.26 2.93 1.93 2.59 2.4 2.16 1.13 2.31 1.14 1.47 2.58 2.23 2.53 2.75 1.45 1.47 2.79 1.54 1.59 2.33 2.99 2.12 1.76 1.1 2.29 2.68 1.81 2.92 2.71 1.61 2.33 2.35 2.06 2.22 2.53 1.51 2.34 2.63 1.36 2.18 1.84 1.83 2.61 1.57 1.2 1.27 1.79 1.86 1.13 2.25 2.79 1.41 1.8 1.1 2.02 1.82 2.14 2.13 2.73 2.81 2.73 2.07 2.66 2.55 2.44 2.73 1.73 2 1.23 2.99 1.3 1.06 1.84 2.7 1.39 2.16 2.22 2.46 1.24 1.93 2.94 2.8 2.3 2.34 2.79 1.57 2.23 1.9 2.04 2.66 1.09 2.16 1.14 2.69 1.25 2.53 1.86 1.5 2.84 2.43 1.28 2.13 1.21 1.27 2.3 2.95 1.99 2.21 1.53 1.01 1.86 1.8 1.06 1.77 1.1 1.14 1.74 1.92 2.21 1.08 2.6 2.52 1.55 2.67 1.65 1.62 1.62 2 2.73 2.54 2.29 2.37 1.84 1.99 2.39 2.18 1.4 2.3 2.67 2.92 2.29 2.6 2.6 2.54 1.47 2.62 1.02 2.81 1.47 1.53 2.61 2.27 1.55 1.07 1.69 1.12 2.75 2.08 2.25 1.56 2.52 2.88 1.45 2.19 1.19 1.5 1.07 2.15 2.4 1.57 2.44 2.5 2.62 1.94 1.49 2.27 1.22 1.93 1.02 1.22 1.85 2.87 1.29 1.36 1.63 2.54 2.17 1.21 2.01 2.15 2.62 2.75 1.62 2.55 2.69 1.47 2.77 2.54 2.46 2.49 1.46 2.55 1.55 2.26 1.45 2.59 1.52 2.07 2.15 1.27 2.87 1.48 1.69 1.31 1.02 1.12 2.46 2.26 2.64 1.69 2 1.04 1.37 2.24 1.56 2.66 1.38 2.71 2.83 2.04 2.91 1.68 1.75 2.06 1.04 2.36 1.01 1.31 2.77 2.11 1.2 1.15 1.52 1.46 2.76 1.32 1.51 1.49 2.82 2.51 1.73 2.25 2.31 2.97 1.87 1.61 2.79 1.19 1.97 1.23 2.66 1.94 1.63 2.93 1.55 1.9 1.1 2.09 2.25 1.67 2.18 1.45 2.44 1.16 2.87 2.26 1.95 2.33 1.51 1.28 2.35 2.55 1.01 1.68 1.53 1.01 2.72 1.41 2.73 1.24 1.82 1.71 2.64 1.06 2.87 2.7 2.01 2.78 2.86 1.63 1.32 2.5 1.83 2.18 2.69 1.78 1.81 1.72 1.09 2.69 2.83 2.35 1.8 2.73 1.23 1.67 1.25 1.43 1.38 1.37 1.81 2.82 1.27 1.49 2.09 1.5 1.93 2.3 1.35 2.54 2.4 2.27 1.29 1.28 2.66 1.46 1.96 2.53 2.17 2.91 2.91 1.84 2.22 1.54 2.79 2.33 1.99 2.93 1.98 1.34 2.39 2.02 1.48 2.99 1.77 1.06 1.29 2.05 1.09 2.07 2.74 2.02 2.97 2.17 2.22 2.86 2.72 1.37 1.15 2.09 2.92 1.83 1.33 2.24 1.4 2.76 2.11 1.59 1.87 1.28 1.35 2.92 1.29 2.95 2.24 1.75 1.71 1.99 1.65 2.61 1.52 1.4 2.4 2.94 2.6 2.58 1.14 2.77 1.06 2.99 2.32 1.86 1.82 1.36 1.16 1.26 1.17 2.77 1.41 1.89 2.54 1.34 1.92 1.33 2.51 2.8 1.48 2.15 2.41 2.72 1.38 2.19 1.59 2.63 1.48 2.18 2.47 1.76 2.25 1.7 1.59 2.45 2.29 2.44 1.9 1.61 2.19 1.32 1.31 1.55 1.41 1.47 2.69 2.89 1.21 2.74 1.65 1.12 1.68 2.33 2.32 2.65 1.92 2.61 2.48 1.09 2.27 1.45 2.73 2.88 2.47 1.34 1.41 2.83 1.07 1.38 2.97 1.43 1.28 1.86 2.55 1.83 1.76 1.61 1.87 2.72 1.89 2.32 1.14 2.6 2.3 1.19 2.79 2.37 1.52 2.86 2.5 1.19 1.91 1.54 2.5 2.28 1.97 2.39 2.48 2.3 1.67 1.2 1.94 2.9 2.25 1.32 2.67 1.59 1.21 2.62 2.73 2.43 1.49 2.29 2.6 2.78 1.78 2.86 2.19 1.35 1.54 2.87 2.87 2.27 2.65 2.31 1.94 1.06 1.75 2.49 1.89 1.87 1.93 1.49 2.7 2.97 1.87 1.09 2.37 1.55 1.46 1.85 2.98 2.87 2.57 1.7 2.42 2.31 1.56 2.39 2 1.97 2.27 1.46 1.91 2.7 1.61 2.5 2.17 1.56 1.98 2.3 1.54 1.74 2.84 2.72 2.1 1.59 2.03 1.54 1.5 1.71 1.23 1.47 1.18 1.71 2.7 2.8 2.18 2.78 2.13 1.76 2.51 1.85 1.01 2.69 
