75 2775
4.24 5.61 8.03
91220.1
16 8 75 97 10 24 73 2 87 49 11 38 43 32 66 51 5 9 15 51 23 77 79 34 70 15 63 61 24 49 47 37 52 70 43 49 51 6 72 13 48 68 92 61 69 51 4 90 72 36 12 47 34 11 4 66 39 40 14 60 54 100 53 50 8 92 88 86 31 25 89 81 35 97 64 
0 17.36 8.23 5.06 4.22 6.31 16.12 8.52 18.04 21.5 13.51 15.2 23.3 8.68 13.61 24.41 12.77 25.37 12.03 3.93 3.4 19.72 8.4 6.44 23.09 15.37 10.55 18.25 9.29 20.07 22.72 19.48 23.79 17.81 22.35 26.97 21.38 3.81 19.38 11.72 7.93 3.36 3.6 11.3 17.35 18.41 13.55 19.68 16.47 20.3 11 18.27 23.27 4.64 20.93 22.88 21.89 9.94 16.85 24.82 22.18 5.71 18.88 26.58 2.44 23.99 13.14 12.61 21.03 18.85 11.36 8.63 10.67 11.99 14.01 
17.36 0 14.56 12.61 21.54 22.08 28.93 25.8 14.21 32.8 28.71 4.81 15.25 25.74 4.97 35.61 6.79 21.74 16.29 20.65 19.99 19.54 15.89 23.6 29.17 3.63 6.81 31.13 26.45 10.7 20.16 30.76 15.47 4.36 33.88 22.61 27.01 14.51 27.5 8.11 25.28 20.13 19.17 6.28 1.25 15.43 7.71 25.89 18.72 23.1 24.82 2.88 28.85 14.44 33.23 17.82 12.23 26.13 11.63 24.91 27.91 21.18 24.75 22.06 18.91 22.03 13.1 4.76 32.35 30.71 8.08 9.52 19.99 19.37 6.31 
8.23 14.56 0 5.39 11.5 14.5 14.38 14.03 10.01 18.52 14.54 10.54 15.54 15.99 9.64 21.42 7.97 17.15 4.03 8.91 8.37 11.59 1.34 13.82 16.96 14.37 9.11 16.58 16.37 13.03 14.5 16.44 16.05 16.99 19.57 18.74 14.95 4.8 14.12 6.58 14.09 8.65 7.06 10.59 13.96 10.25 7.8 13.41 8.51 12.77 10.44 14.13 16.93 3.81 18.76 14.73 14.65 12.72 9.29 16.91 15.84 8.13 12.39 18.35 7.73 15.82 5.12 10.39 18.05 16.27 6.52 10.22 5.57 5.55 8.92 
5.06 12.61 5.39 0 9.26 10.97 17.9 13.24 13.9 22.72 16.59 10.14 18.77 13.75 8.58 25.68 7.72 21.76 9.36 8.03 7.37 16.61 6.32 11.51 22.23 11.15 5.9 20.14 14.35 15.23 19.22 20.63 19.25 13.74 23.71 23.27 20.26 1.98 19.12 6.71 12.82 7.52 6.61 6.98 12.47 14.48 8.56 18.68 13.77 18.13 13.12 13.28 22.24 2.35 22.61 18.84 17.1 13.64 12.33 22.11 21.14 8.73 17.7 22.83 6.3 20.71 9.19 7.86 22.24 20.25 6.33 5.35 10.16 10.7 8.96 
4.22 21.54 11.5 9.26 0 4.04 15.16 4.72 21.51 20.76 11.43 19.39 26.97 4.58 17.82 23.53 16.94 28.34 14.84 3.17 3.4 22.45 11.27 2.35 24.03 19.4 14.73 17.06 5.11 24 25.65 18.9 27.48 21.75 21.45 29.98 22.58 7.78 19.98 15.84 3.87 3.1 4.72 15.4 21.56 21.72 17.63 20.87 19.03 22.33 10.23 22.48 24.34 8.43 19.8 26.19 25.78 7.5 20.59 27.12 23.28 5.38 20.25 29.63 3.78 26.74 16.6 16.8 20.3 18.07 15.5 12.54 12.22 13.92 18.17 
6.31 22.08 14.5 10.97 4.04 0 19.09 7.42 24.36 24.7 15.06 20.78 29.57 4.45 19.09 27.42 18.56 31.62 18.18 7.13 7.22 25.87 14.54 3.42 28.04 19.41 15.51 20.91 5.3 26.2 28.95 22.88 30.06 21.49 25.35 33.23 26.54 10.08 24.02 17.66 6.2 6.93 8.4 15.8 22.33 24.72 19.52 24.83 22.53 26.07 14.24 23.5 28.33 10.95 23.66 29.19 28.05 11.12 23.12 30.77 27.27 9.4 24.18 32.85 7.22 30.16 19.45 17.57 24.25 22.02 17.26 12.6 16.05 17.66 19.8 
16.12 28.93 14.38 17.9 15.16 19.09 0 12.6 20.2 5.61 5.09 24.74 25.59 16.79 24 8.39 22.27 22.79 13.53 12.62 12.92 17.21 13.04 16.01 11.75 28.57 23.19 2.24 16.43 25.15 20.5 3.91 26.08 31.2 6.31 24.36 11.44 16.05 7.7 20.89 13.75 13.08 12.53 24.56 28.3 19.53 21.82 10.18 14.38 14.27 5.13 28.32 12.4 15.55 4.82 22.84 26.18 8.32 21.16 18.92 11.68 10.46 10.43 24.28 13.7 20.52 17.17 24.69 5.16 2.94 20.87 23.23 9.04 10.2 23.09 
8.52 25.8 14.03 13.24 4.72 7.42 12.6 0 23.79 18.11 7.98 23.21 29.46 4.2 21.75 20.65 20.64 29.73 16.55 5.33 5.97 23.67 13.38 4.01 23.06 23.9 19 14.12 3.85 27.02 27.06 16.5 29.98 26.32 18.62 31.4 21.96 11.47 18.83 19.42 1.25 5.77 7.11 19.82 25.71 23.77 21.11 20.31 20.19 22.7 8.52 26.49 23.51 11.84 16.81 28.13 28.68 4.28 23.32 27.66 22.54 6.04 19.93 31.12 6.98 27.88 19.06 21.04 17.7 15.52 19.14 17.11 12.78 14.71 21.84 
18.04 14.21 10.01 13.9 21.51 24.36 20.2 23.79 0 22.13 22.41 9.58 5.73 26 10.44 24.51 9.03 8.27 7.43 18.86 18.35 5.5 10.43 23.83 16.06 16.36 13.33 21.99 26.36 5.39 6.15 20.43 6.25 18.32 23.24 9.6 13.99 14.31 15.71 8.7 23.98 18.64 17.02 14.62 13.03 1.24 7.48 13.36 6.15 9.51 18.22 11.97 15.57 13.41 23.25 4.95 6.03 21.73 2.59 10.7 14.81 17.76 12.27 9.11 17.74 7.97 4.92 12.91 21.77 20.82 9.13 16.41 12.08 10.33 8.57 
21.5 32.8 18.52 22.72 20.76 24.7 5.61 18.11 22.13 0 10.29 28.3 26.94 22.32 27.83 2.95 26.01 22.67 16.64 18.15 18.41 17.97 17.18 21.61 9.22 32.88 27.6 4.09 21.91 27.43 20.82 2.1 27.38 35.5 1.12 24.07 9.98 21 6.7 24.68 19.29 18.59 17.9 29.04 32.02 21.22 25.3 9.51 15.98 14.16 10.62 31.8 10.02 20.38 2.09 23.67 28.13 13.86 23.63 17.92 9.76 15.93 10.31 24.11 19.12 20.33 20.17 28.89 0.48 2.69 24.75 28.08 12.95 13.43 26.66 
13.51 28.71 14.54 16.59 11.43 15.06 5.09 7.98 22.41 10.29 0 25.04 28.07 12.16 23.99 12.7 22.44 26.37 15.1 9.61 10.11 20.46 13.35 11.76 16.67 27.72 22.36 6.22 11.69 26.83 23.89 8.9 28.58 30.32 10.7 28.02 16.1 14.61 12.48 21.06 9.21 10.17 10.24 23.56 28.28 21.97 22.34 14.66 17.24 18.21 4.24 28.61 17.27 14.42 8.85 25.8 28.14 3.95 22.82 23.09 16.45 7.99 14.66 27.86 11.11 24.22 18.52 24.14 9.9 7.82 20.93 21.62 10.35 12.09 23.45 
15.2 4.81 10.54 10.14 19.39 20.78 24.74 23.21 9.58 28.3 25.04 0 11.64 23.87 1.76 31.07 2.62 17.46 11.68 17.89 17.24 14.8 11.81 21.64 24.37 6.85 5.7 26.89 24.49 7.1 15.66 26.3 11.97 8.74 29.4 18.5 22.21 11.75 22.8 3.99 22.89 17.43 16.21 6.33 3.8 10.78 3 21.12 13.92 18.29 20.97 3.59 24.04 11.39 28.85 13.62 8.93 22.86 6.99 20.26 23.1 17.97 19.97 17.95 16.23 17.52 8.35 4.18 27.86 26.33 4.16 9.26 15.71 14.88 1.65 
23.3 15.25 15.54 18.77 26.97 29.57 25.59 29.46 5.73 26.94 28.07 11.64 0 31.5 13.1 29.08 12.34 7.36 13.16 24.45 23.91 9.05 16.08 29.31 19.71 18.26 16.77 27.25 31.91 4.59 7.12 25.4 0.52 19.61 28.02 7.73 17.86 19.5 20.3 12.6 29.6 24.19 22.59 17.76 14 6.11 10.88 17.66 11.22 13.19 23.9 12.46 19.08 18.67 28.26 3.82 3.09 27.46 6.46 12.13 18.55 23.44 16.7 7.18 23.23 8.67 10.43 15.72 26.63 25.92 13.05 20.22 17.78 15.97 11.4 
8.68 25.74 15.99 13.75 4.58 4.45 16.79 4.2 26 22.32 12.16 23.87 31.5 0 22.26 24.84 21.46 32.58 19.13 7.21 7.66 26.61 15.65 2.25 26.99 23.34 18.99 18.32 0.85 28.58 29.9 20.7 32.01 25.55 22.82 34.24 25.77 12.35 22.8 20.38 3.06 7.37 9.01 19.51 25.85 26.16 22.19 24.09 23.15 26.1 12.53 26.86 27.4 13.01 21 30.61 30.35 8.47 25.15 31 26.4 8.91 23.62 33.92 8.27 30.89 21.11 21.07 21.9 19.71 20.03 16.44 15.98 17.83 22.69 
13.61 4.97 9.64 8.58 17.82 19.09 24 21.75 10.44 27.83 23.99 1.76 13.1 22.26 0 30.65 1.85 18.54 11.36 16.46 15.81 15.38 10.97 20.04 24.46 6 3.95 26.18 22.9 8.64 16.58 25.79 13.46 8.25 28.91 19.67 22.3 10.29 22.6 3.14 21.38 15.99 14.84 4.69 4.32 11.56 3.09 21.11 14.11 18.62 20 4.75 24.18 10.02 28.26 14.79 10.52 21.63 7.9 20.97 23.21 16.7 19.97 19.14 14.78 18.41 8.34 2.62 27.38 25.74 3.13 7.52 15.03 14.41 1.86 
24.41 35.61 21.42 25.68 23.53 27.42 8.39 20.65 24.51 2.95 12.7 31.07 29.08 24.84 30.65 0 28.82 24.29 19.39 21 21.28 20.04 20.09 24.27 10.28 35.78 30.51 6.54 24.39 29.87 22.66 5.05 29.5 38.39 2.08 25.59 11.53 23.95 8.82 27.51 21.85 21.45 20.81 31.96 34.81 23.54 28.07 11.44 18.37 16.02 13.48 34.53 11.07 23.33 3.85 25.67 30.46 16.45 26.16 19.27 11.1 18.81 12.39 25.69 22.02 21.98 22.86 31.77 3.43 5.56 27.59 31.03 15.85 16.24 29.43 
12.77 6.79 7.97 7.72 16.94 18.56 22.27 20.64 9.03 26.01 22.44 2.62 12.34 21.46 1.85 28.82 0 17.25 9.52 15.32 14.67 13.75 9.27 19.21 22.63 7.71 4.46 24.44 22.05 8.13 15.16 23.99 12.74 10.05 27.1 18.47 20.47 9.22 20.76 1.39 20.36 14.87 13.62 5.62 6.04 10.09 1.56 19.27 12.32 16.86 18.39 6.17 22.37 8.81 26.48 13.62 10.05 20.24 6.6 19.38 21.38 15.36 18.13 17.95 13.68 16.96 6.53 3.93 25.57 23.96 1.53 7.89 13.27 12.58 1.24 
25.37 21.74 17.15 21.76 28.34 31.62 22.79 29.73 8.27 22.67 26.37 17.46 7.36 32.58 18.54 24.29 17.25 0 13.5 25.39 24.99 6.07 17.1 30.56 14.17 24.31 21.6 23.98 32.81 11.24 2.69 21.54 7.46 26.03 23.65 1.68 12.77 21.84 16.04 16.97 30.18 25.29 23.64 22.87 20.5 7.39 15.7 13.2 9.54 8.62 22.6 19.14 13.42 20.87 24.33 3.94 10.28 26.83 10.67 5.4 13.21 23.81 12.57 1.49 24.59 2.33 12.58 21.09 22.45 22.31 17.4 24.67 17 15.05 16.69 
12.03 16.29 4.03 9.36 14.84 18.18 13.53 16.55 7.43 16.64 15.1 11.68 13.16 19.13 11.36 19.39 9.52 13.5 0 11.92 11.5 7.7 3.64 17.07 13.49 16.9 12.06 15.56 19.4 11.77 10.82 14.67 13.68 19.41 17.75 15.14 11.39 8.81 11.26 8.27 16.86 11.8 10.15 13.58 15.44 7.25 8.68 10 4.49 8.78 10.88 15.16 13.36 7.81 17.31 11.58 13.04 14.3 7.76 12.89 12.3 10.52 8.89 14.8 11.09 11.98 3.64 12.84 16.21 14.78 8.43 13.83 4.77 3.34 10.05 
3.93 20.65 8.91 8.03 3.17 7.13 12.62 5.33 18.86 18.15 9.61 17.89 24.45 7.21 16.46 21 15.32 25.39 11.92 0 0.66 19.43 8.47 5.2 20.91 18.98 13.9 14.66 7.51 21.79 22.7 16.2 24.96 21.49 18.92 27.04 19.42 6.18 16.91 14.09 5.2 0.57 1.86 14.84 20.49 18.98 15.78 17.71 15.99 19.18 7.53 21.21 21.21 6.51 17.39 23.42 23.49 6.01 18.18 23.99 20.14 2.31 17.08 26.71 1.75 23.72 14.02 15.89 17.68 15.46 13.81 12.42 9.05 10.79 16.51 
3.4 19.99 8.37 7.37 3.4 7.22 12.92 5.97 18.35 18.41 10.11 17.24 23.91 7.66 15.81 21.28 14.67 24.99 11.5 0.66 0 19.07 7.99 5.58 20.88 18.34 13.24 15 8 21.2 22.3 16.44 24.42 20.86 19.21 26.64 19.34 5.52 16.93 13.44 5.8 0.3 1.35 14.19 19.83 18.5 15.15 17.63 15.64 18.94 7.8 20.55 21.15 5.86 17.71 22.95 22.91 6.59 17.62 23.71 20.08 2.48 16.96 26.3 1.1 23.36 13.49 15.23 17.94 15.73 13.16 11.8 8.85 10.53 15.87 
19.72 19.54 11.59 16.61 22.45 25.87 17.21 23.67 5.5 17.97 20.46 14.8 9.05 26.61 15.38 20.04 13.75 6.07 7.7 19.43 19.07 0 11.34 24.63 10.84 21.38 17.65 18.64 26.81 10.65 3.45 16.53 9.46 23.51 19.04 7.74 8.88 16.38 11.29 13.05 24.14 19.37 17.73 19.08 18.4 4.26 12.3 8.61 3.48 4.22 16.59 17.42 10.27 15.39 19.39 5.73 10.75 20.77 7.96 5.7 9.62 17.78 7.67 7.5 18.74 4.3 7.77 17.66 17.68 17.15 13.42 20.28 10.94 8.98 13.58 
8.4 15.89 1.34 6.32 11.27 14.54 13.04 13.38 10.43 17.18 13.35 11.81 16.08 15.65 10.97 20.09 9.27 17.1 3.64 8.47 7.99 11.34 0 13.54 15.91 15.71 10.43 15.24 15.97 13.88 14.42 15.1 16.59 18.33 18.24 18.73 13.94 5.37 12.91 7.88 13.55 8.29 6.64 11.89 15.28 10.51 9.01 12.36 8.07 12.09 9.2 15.4 15.92 4.4 17.42 14.96 15.42 11.74 10.02 16.45 14.82 7.38 11.38 18.37 7.5 15.62 5.69 11.73 16.72 14.93 7.84 11.37 4.23 4.39 10.18 
6.44 23.6 13.82 11.51 2.35 3.42 16.01 4.01 23.83 21.61 11.76 21.64 29.31 2.25 20.04 24.27 19.21 30.56 17.07 5.2 5.58 24.63 13.54 0 25.62 21.29 16.82 17.73 2.86 26.34 27.87 19.87 29.82 23.56 22.21 32.21 24.28 10.1 21.48 18.14 2.79 5.27 6.92 17.39 23.68 24.03 19.95 22.58 21.19 24.32 11.38 24.66 25.98 10.77 20.46 28.49 28.12 7.85 22.94 29.17 24.95 7.14 22.03 31.87 6.09 28.92 18.93 18.9 21.17 18.95 17.79 14.4 14.18 15.96 20.45 
23.09 29.17 16.96 22.23 24.03 28.04 11.75 23.06 16.06 9.22 16.67 24.37 19.71 26.99 24.46 10.28 22.63 14.17 13.49 20.91 20.88 10.84 15.91 25.62 0 30.25 25.55 11.9 26.85 21.4 12.84 8.85 20.07 32.68 10.03 15.38 2.16 21.07 4.26 21.54 24 21.14 19.86 27.07 28.15 14.91 21.48 3.55 10.47 6.62 14.54 27.47 0.8 20.17 11.2 16.05 21.59 19 18.22 9.01 1.27 18.65 4.6 15.52 21.14 11.91 16.11 26.23 9.16 9.91 21.77 27.17 12.46 11.53 22.87 
15.37 3.63 14.37 11.15 19.4 19.41 28.57 23.9 16.36 32.88 27.72 6.85 18.26 23.34 6 35.78 7.71 24.31 16.9 18.98 18.34 21.38 15.71 21.29 30.25 0 5.39 30.8 24.09 13.67 22.48 30.81 18.54 2.64 33.94 25.33 28.1 13.13 28.12 8.71 23.24 18.43 17.72 4.17 4.65 17.52 9.08 26.83 20.02 24.57 24.08 6.36 30.02 13.31 33.09 20.46 15.36 24.77 13.78 26.96 29.02 19.88 25.7 24.78 17.24 24.32 14.21 4.06 32.42 30.62 8.49 6.9 19.94 19.66 7.82 
10.55 6.81 9.11 5.9 14.73 15.51 23.19 19 13.33 27.6 22.36 5.7 16.77 18.99 3.95 30.51 4.46 21.6 12.06 13.9 13.24 17.65 10.43 16.82 25.55 5.39 0 25.43 19.68 12.45 19.4 25.51 17.16 8.03 28.64 22.86 23.43 7.86 23.1 4.66 18.47 13.37 12.51 1.52 6.87 14.31 5.99 22.05 15.7 20.31 18.69 7.99 25.39 7.95 27.74 18.03 14.36 19.53 11 23.35 24.35 14.6 20.95 22.35 12.15 21.15 9.97 2.08 27.13 25.29 4.26 3.56 14.66 14.55 5.39 
18.25 31.13 16.58 20.14 17.06 20.91 2.24 14.12 21.99 4.09 6.22 26.89 27.25 18.32 26.18 6.54 24.44 23.98 15.56 14.66 15 18.64 15.24 17.73 11.9 30.8 25.43 0 17.89 27.05 21.82 3.13 27.73 33.44 4.5 25.51 12 18.29 8.24 23.06 15.32 15.14 14.68 26.8 30.48 21.25 23.95 10.98 16.03 15.37 7.26 30.46 12.62 17.79 2.75 24.34 28 9.91 23.09 19.78 12.06 12.56 11.44 25.47 15.82 21.68 19.19 26.91 3.74 2 23.06 25.46 11.18 12.21 25.23 
9.29 26.45 16.37 14.35 5.11 5.3 16.43 3.85 26.36 21.91 11.69 24.49 31.91 0.85 22.9 24.39 22.05 32.81 19.4 7.51 8 26.81 15.97 2.86 26.85 24.09 19.68 17.89 0 29.07 30.12 20.34 32.42 26.33 22.39 34.47 25.69 12.89 22.63 20.95 2.85 7.72 9.34 20.23 26.54 26.48 22.75 24.01 23.33 26.16 12.33 27.52 27.28 13.51 20.54 30.92 30.82 8.13 25.58 31.09 26.29 9.04 23.58 34.16 8.7 31.07 21.49 21.76 21.51 19.34 20.61 17.2 16.08 17.96 23.28 
20.07 10.7 13.03 15.23 24 26.2 25.15 27.02 5.39 27.43 26.83 7.1 4.59 28.58 8.64 29.87 8.13 11.24 11.77 21.79 21.2 10.65 13.88 26.34 21.4 13.67 12.45 27.05 29.07 0 10.11 25.67 4.88 15.06 28.54 11.97 19.35 16.28 21.08 8.66 27 21.46 19.95 13.33 9.45 6.5 6.82 18.75 11.5 14.81 22.59 7.97 20.88 15.57 28.46 7.31 1.92 25.61 4.02 15.17 20.16 21.16 17.66 11.41 20.39 11.93 8.32 11.23 27.06 26 9.1 15.97 16.54 15.01 7.06 
22.72 20.16 14.5 19.22 25.65 28.95 20.5 27.06 6.15 20.82 23.89 15.66 7.12 29.9 16.58 22.66 15.16 2.69 10.82 22.7 22.3 3.45 14.42 27.87 12.84 22.48 19.4 21.82 30.12 10.11 0 19.54 7.4 24.37 21.85 4.35 11.18 19.22 14.12 14.74 27.49 22.6 20.96 20.73 18.95 5.09 13.62 11.31 6.89 6.67 20.04 17.72 12.16 18.25 22.37 3.3 9.59 24.21 8.7 5.11 11.75 21.13 10.54 4.07 21.91 1.86 10.06 19.06 20.56 20.24 15.16 22.35 14.36 12.4 14.72 
19.48 30.76 16.44 20.63 18.9 22.88 3.91 16.5 20.43 2.1 8.9 26.3 25.4 20.7 25.79 5.05 23.99 21.54 14.67 16.2 16.44 16.53 15.1 19.87 8.85 30.81 25.51 3.13 20.34 25.67 19.54 0 25.86 33.42 3.13 23.01 9.15 18.91 5.52 22.65 17.65 16.63 15.89 26.95 30.01 19.56 23.31 8.36 14.3 12.93 8.69 29.82 9.59 18.28 2.86 22.26 26.45 12.22 21.82 17.06 9.12 13.96 9 23.01 17.11 19.21 18.24 26.82 1.62 1.14 22.71 25.98 10.87 11.42 24.66 
23.79 15.47 16.05 19.25 27.48 30.06 26.08 29.98 6.25 27.38 28.58 11.97 0.52 32.01 13.46 29.5 12.74 7.46 13.68 24.96 24.42 9.46 16.59 29.82 20.07 18.54 17.16 27.73 32.42 4.88 7.4 25.86 0 19.83 28.46 7.72 18.24 19.99 20.73 13.03 30.12 24.7 23.11 18.13 14.22 6.61 11.3 18.07 11.7 13.58 24.42 12.66 19.43 19.17 28.72 4.09 3.25 27.98 6.94 12.36 18.91 23.96 17.12 7.18 23.74 8.89 10.94 16.07 27.07 26.39 13.49 20.63 18.29 16.48 11.78 
17.81 4.36 16.99 13.74 21.75 21.49 31.2 26.32 18.32 35.5 30.32 8.74 19.61 25.55 8.25 38.39 10.05 26.03 19.41 21.49 20.86 23.51 18.33 23.56 32.68 2.64 8.03 33.44 26.33 15.06 24.37 33.42 19.83 0 36.56 26.94 30.52 15.72 30.65 11.16 25.61 20.94 20.29 6.76 5.61 19.52 11.31 29.29 22.36 26.86 26.71 7.2 32.42 15.92 35.72 22.12 16.58 27.33 15.73 29 31.43 22.46 28.16 26.39 19.75 26.22 16.58 6.62 35.03 33.24 10.97 9.21 22.55 22.24 9.97 
22.35 33.88 19.57 23.71 21.45 25.35 6.31 18.62 23.24 1.12 10.7 29.4 28.02 22.82 28.91 2.08 27.1 23.65 17.75 18.92 19.21 19.04 18.24 22.21 10.03 33.94 28.64 4.5 22.39 28.54 21.85 3.13 28.46 36.56 0 25.03 10.93 21.96 7.75 25.77 19.82 19.37 18.75 30.08 33.12 22.32 26.41 10.53 17.09 15.18 11.4 32.9 10.83 21.36 1.94 24.73 29.23 14.4 24.75 18.84 10.65 16.73 11.37 25.09 19.95 21.32 21.28 29.95 1.54 3.51 25.83 29.06 14.01 14.53 27.76 
26.97 22.61 18.74 23.27 29.98 33.23 24.36 31.4 9.6 24.07 28.02 18.5 7.73 34.24 19.67 25.59 18.47 1.68 15.14 27.04 26.64 7.74 18.73 32.21 15.38 25.33 22.86 25.51 34.47 11.97 4.35 23.01 7.72 26.94 25.03 0 14.11 23.41 17.5 18.27 31.85 26.94 25.29 24.09 21.36 8.82 16.91 14.65 11.22 10.14 24.26 19.93 14.61 22.45 25.78 4.88 10.79 28.5 11.87 6.41 14.49 25.48 14.08 0.56 26.23 3.85 14.08 22.25 23.87 23.81 18.71 26.01 18.68 16.73 17.83 
21.38 27.01 14.95 20.26 22.58 26.54 11.44 21.96 13.99 9.98 16.1 22.21 17.86 25.77 22.3 11.53 20.47 12.77 11.39 19.42 19.34 8.88 13.94 24.28 2.16 28.1 23.43 12 25.69 19.35 11.18 9.15 18.24 30.52 10.93 14.11 0 19.18 3.77 19.39 22.83 19.62 18.26 24.95 26 12.85 19.32 1.71 8.32 4.67 13.51 25.32 1.98 18.26 11.79 14.28 19.61 18.04 16.1 7.95 0.92 17.21 2.57 14.19 19.53 10.46 13.95 24.09 9.82 10.1 19.62 25.13 10.71 9.61 20.71 
3.81 14.51 4.8 1.98 7.78 10.08 16.05 11.47 14.31 21 14.61 11.75 19.5 12.35 10.29 23.95 9.22 21.84 8.81 6.18 5.52 16.38 5.37 10.1 21.07 13.13 7.86 18.29 12.89 16.28 19.22 18.91 19.99 15.72 21.96 23.41 19.18 0 17.75 8.07 11.14 5.7 4.66 8.96 14.32 14.74 9.85 17.54 13.3 17.45 11.2 15.03 21.14 1 20.8 19.19 18.09 11.67 13.05 21.7 20.04 6.75 16.62 22.99 4.49 20.59 9.43 9.78 20.52 18.48 7.75 7.18 8.74 9.57 10.44 
19.38 27.5 14.12 19.12 19.98 24.02 7.7 18.83 15.71 6.7 12.48 22.8 20.3 22.8 22.6 8.82 20.76 16.04 11.26 16.91 16.93 11.29 12.91 21.48 4.26 28.12 23.1 8.24 22.63 21.08 14.12 5.52 20.73 30.65 7.75 17.5 3.77 17.75 0 19.53 19.79 17.19 16 24.61 26.6 14.72 19.82 2.85 9.58 7.47 10.31 26.16 4.8 16.92 8.29 16.98 21.64 14.75 17.45 11.57 3.99 14.62 3.62 17.51 17.29 13.71 14.46 24.06 6.44 6.39 19.68 24.29 9.01 8.58 21.21 
11.72 8.11 6.58 6.71 15.84 17.66 20.89 19.42 8.7 24.68 21.06 3.99 12.6 20.38 3.14 27.51 1.39 16.97 8.27 14.09 13.44 13.05 7.88 18.14 21.54 8.71 4.66 23.06 20.95 8.66 14.74 22.65 13.03 11.16 25.77 18.27 19.39 8.07 19.53 0 19.18 13.66 12.36 6.04 7.41 9.66 1.86 18.13 11.35 15.94 17.01 7.55 21.31 7.58 25.12 13.48 10.57 18.9 6.47 18.73 20.3 14.04 17 17.76 12.48 16.49 5.53 4.73 24.24 22.6 0.46 7.77 11.9 11.27 2.45 
7.93 25.28 14.09 12.82 3.87 6.2 13.75 1.25 23.98 19.29 9.21 22.89 29.6 3.06 21.38 21.85 20.36 30.18 16.86 5.2 5.8 24.14 13.55 2.79 24 23.24 18.47 15.32 2.85 27 27.49 17.65 30.12 25.61 19.82 31.85 22.83 11.14 19.79 19.18 0 5.55 7.05 19.21 25.25 24.03 20.91 21.16 20.66 23.37 9.49 26.1 24.43 11.61 18.02 28.43 28.69 5.44 23.38 28.31 23.43 6.37 20.73 31.54 6.7 28.39 19.18 20.53 18.87 16.68 18.87 16.4 13.33 15.23 21.58 
3.36 20.13 8.65 7.52 3.1 6.93 13.08 5.77 18.64 18.59 10.17 17.43 24.19 7.37 15.99 21.45 14.87 25.29 11.8 0.57 0.3 19.37 8.29 5.27 21.14 18.43 13.37 15.14 7.72 21.46 22.6 16.63 24.7 20.94 19.37 26.94 19.62 5.7 17.19 13.66 5.55 0 1.65 14.29 19.99 18.79 15.37 17.9 15.94 19.24 7.97 20.73 21.42 6.08 17.86 23.24 23.17 6.58 17.89 24.01 20.35 2.67 17.24 26.6 1.22 23.66 13.77 15.37 18.12 15.9 13.37 11.85 9.14 10.83 16.08 
3.6 19.17 7.06 6.61 4.72 8.4 12.53 7.11 17.02 17.9 10.24 16.21 22.59 9.01 14.84 20.81 13.62 23.64 10.15 1.86 1.35 17.73 6.64 6.92 19.86 17.72 12.51 14.68 9.34 19.95 20.96 15.89 23.11 20.29 18.75 25.29 18.26 4.66 16 12.36 7.05 1.65 0 13.55 18.95 17.15 14.02 16.55 14.31 17.69 7.42 19.59 20.1 4.83 17.35 21.6 21.64 7.04 16.33 22.43 19.02 2.25 15.84 24.95 1.29 22.03 12.17 14.44 17.43 15.25 12.1 11.4 7.66 9.27 14.8 
11.3 6.28 10.59 6.98 15.4 15.8 24.56 19.82 14.62 29.04 23.56 6.33 17.76 19.51 4.69 31.96 5.62 22.87 13.58 14.84 14.19 19.08 11.89 17.39 27.07 4.17 1.52 26.8 20.23 13.33 20.73 26.95 18.13 6.76 30.08 24.09 24.95 8.96 24.61 6.04 19.21 14.29 13.55 0 6.61 15.64 7.18 23.57 17.2 21.81 19.98 7.98 26.91 9.17 29.15 19.23 15.21 20.6 12.22 24.77 25.87 15.71 22.47 23.57 13.09 22.5 11.45 2.17 28.57 26.71 5.66 3.29 16.12 16.05 6.37 
17.35 1.25 13.96 12.47 21.56 22.33 28.3 25.71 13.03 32.02 28.28 3.8 14 25.85 4.32 34.81 6.04 20.5 15.44 20.49 19.83 18.4 15.28 23.68 28.15 4.65 6.87 30.48 26.54 9.45 18.95 30.01 14.22 5.61 33.12 21.36 26 14.32 26.6 7.41 25.25 19.99 18.95 6.61 0 14.26 6.78 24.92 17.69 22.02 24.32 1.71 27.82 14.16 32.52 16.57 10.98 25.83 10.46 23.72 26.89 20.89 23.78 20.81 18.77 20.81 12.16 4.79 31.58 29.99 7.44 9.9 19.31 18.59 5.39 
18.41 15.43 10.25 14.48 21.72 24.72 19.53 23.77 1.24 21.22 21.97 10.78 6.11 26.16 11.56 23.54 10.09 7.39 7.25 18.98 18.5 4.26 10.51 24.03 14.91 17.52 14.31 21.25 26.48 6.5 5.09 19.56 6.61 19.52 22.32 8.82 12.85 14.74 14.72 9.66 24.03 18.79 17.15 15.64 14.26 0 8.56 12.29 5.26 8.32 17.83 13.21 14.4 13.81 22.4 4.48 6.92 21.51 3.8 9.49 13.66 17.74 11.23 8.36 17.94 6.87 5.32 14 20.87 20.01 10.07 17.3 11.72 9.89 9.71 
13.55 7.71 7.8 8.56 17.63 19.52 21.82 21.11 7.48 25.3 22.34 3 10.88 22.19 3.09 28.07 1.56 15.7 8.68 15.78 15.15 12.3 9.01 19.95 21.48 9.08 5.99 23.95 22.75 6.82 13.62 23.31 11.3 11.31 26.41 16.91 19.32 9.85 19.82 1.86 20.91 15.37 14.02 7.18 6.78 8.56 0 18.19 11.08 15.55 18.21 6.52 21.18 9.31 25.88 12.06 8.74 20.39 5.04 17.91 20.22 15.59 17.04 16.39 14.22 15.43 5.39 5.44 24.87 23.35 2.28 9.35 12.78 11.89 1.4 
19.68 25.89 13.41 18.68 20.87 24.83 10.18 20.31 13.36 9.51 14.66 21.12 17.66 24.09 21.11 11.44 19.27 13.2 10 17.71 17.63 8.61 12.36 22.58 3.55 26.83 22.05 10.98 24.01 18.75 11.31 8.36 18.07 29.29 10.53 14.65 1.71 17.54 2.85 18.13 21.16 17.9 16.55 23.57 24.92 12.29 18.19 0 7.39 4.65 11.89 24.33 3.6 16.64 11.14 14.24 19.17 16.44 15.3 8.8 2.5 15.5 1.15 14.66 17.82 10.87 12.79 22.79 9.27 9.19 18.34 23.62 9.02 7.99 19.59 
16.47 18.72 8.51 13.77 19.03 22.53 14.38 20.19 6.15 15.98 17.24 13.92 11.22 23.15 14.11 18.37 12.32 9.54 4.49 15.99 15.64 3.48 8.07 21.19 10.47 20.02 15.7 16.03 23.33 11.5 6.89 14.3 11.7 22.36 17.09 11.22 8.32 13.3 9.58 11.35 20.66 15.94 14.31 17.2 17.69 5.26 11.08 7.39 0 4.61 13.26 17.01 10.12 12.3 17.14 8.57 12.15 17.34 7.91 8.4 9.2 14.3 6.27 10.95 15.36 7.74 5.82 16.08 15.63 14.75 11.64 17.93 7.47 5.52 12.46 
20.3 23.1 12.77 18.13 22.33 26.07 14.27 22.7 9.51 14.16 18.21 18.29 13.19 26.1 18.62 16.02 16.86 8.62 8.78 19.18 18.94 4.22 12.09 24.32 6.62 24.57 20.31 15.37 26.16 14.81 6.67 12.93 13.58 26.86 15.18 10.14 4.67 17.45 7.47 15.94 23.37 19.24 17.69 21.81 22.02 8.32 15.55 4.65 4.61 0 14.79 21.19 6.08 16.46 15.75 9.65 14.97 19.26 11.79 4.98 5.4 17.2 3.94 10.1 18.86 6.31 10.41 20.66 13.91 13.69 16.24 22.49 10.14 8.42 16.91 
11 24.82 10.44 13.12 10.23 14.24 5.13 8.52 18.22 10.62 4.24 20.97 23.9 12.53 20 13.48 18.39 22.6 10.88 7.53 7.8 16.59 9.2 11.38 14.54 24.08 18.69 7.26 12.33 22.59 20.04 8.69 24.42 26.71 11.4 24.26 13.51 11.2 10.31 17.01 9.49 7.97 7.42 19.98 24.32 17.83 18.21 11.89 13.26 14.79 0 24.56 15 10.83 9.94 21.77 23.91 4.56 18.59 19.76 14.04 5.33 11.62 24.07 8.57 20.53 14.29 20.35 10.15 7.94 16.91 18.37 6.14 7.95 19.36 
18.27 2.88 14.13 13.28 22.48 23.5 28.32 26.49 11.97 31.8 28.61 3.59 12.46 26.86 4.75 34.53 6.17 19.14 15.16 21.21 20.55 17.42 15.4 24.66 27.47 6.36 7.99 30.46 27.52 7.97 17.72 29.82 12.66 7.2 32.9 19.93 25.32 15.03 26.16 7.55 26.1 20.73 19.59 7.98 1.71 13.21 6.52 24.33 17.01 21.19 24.56 0 27.09 14.77 32.4 15.2 9.41 26.35 9.46 22.6 26.2 21.43 23.19 19.38 19.51 19.58 11.7 5.97 31.37 29.87 7.68 11.25 19.28 18.4 5.24 
23.27 28.85 16.93 22.24 24.34 28.33 12.4 23.51 15.57 10.02 17.27 24.04 19.08 27.4 24.18 11.07 22.37 13.42 13.36 21.21 21.15 10.27 15.92 25.98 0.8 30.02 25.39 12.62 27.28 20.88 12.16 9.59 19.43 32.42 10.83 14.61 1.98 21.14 4.8 21.31 24.43 21.42 20.1 26.91 27.82 14.4 21.18 3.6 10.12 6.08 15 27.09 0 20.22 11.98 15.38 21.01 19.49 17.79 8.23 1.1 18.96 4.54 14.76 21.38 11.17 15.84 26.01 9.94 10.65 21.55 27.11 12.62 11.58 22.57 
4.64 14.44 3.81 2.35 8.43 10.95 15.55 11.84 13.41 20.38 14.42 11.39 18.67 13.01 10.02 23.33 8.81 20.87 7.81 6.51 5.86 15.39 4.4 10.77 20.17 13.31 7.95 17.79 13.51 15.57 18.25 18.28 19.17 15.92 21.36 22.45 18.26 1 16.92 7.58 11.61 6.08 4.83 9.17 14.16 13.81 9.31 16.64 12.3 16.46 10.83 14.77 20.22 0 20.26 18.27 17.36 11.69 12.24 20.7 19.12 6.74 15.69 22.04 4.91 19.61 8.51 9.76 19.9 17.9 7.3 7.7 7.92 8.65 10 
20.93 33.23 18.76 22.61 19.8 23.66 4.82 16.81 23.25 2.09 8.85 28.85 28.26 21 28.26 3.85 26.48 24.33 17.31 17.39 17.71 19.39 17.42 20.46 11.2 33.09 27.74 2.75 20.54 28.46 22.37 2.86 28.72 35.72 1.94 25.78 11.79 20.8 8.29 25.12 18.02 17.86 17.35 29.15 32.52 22.4 25.88 11.14 17.14 15.75 9.94 32.4 11.98 20.26 0 25.12 29.28 12.63 24.58 19.74 11.65 15.26 11.83 25.8 18.51 22 20.91 29.15 2.05 2.53 25.15 27.95 13.24 14 27.2 
22.88 17.82 14.73 18.84 26.19 29.19 22.84 28.13 4.95 23.67 25.8 13.62 3.82 30.61 14.79 25.67 13.62 3.94 11.58 23.42 22.95 5.73 14.96 28.49 16.05 20.46 18.03 24.34 30.92 7.31 3.3 22.26 4.09 22.12 24.73 4.88 14.28 19.19 16.98 13.48 28.43 23.24 21.6 19.23 16.57 4.48 12.06 14.24 8.57 9.65 21.77 15.2 15.38 18.27 25.12 0 6.47 25.67 7.03 8.32 14.92 22.1 13.36 4.35 22.41 4.88 9.76 17.37 23.39 22.87 13.93 21.25 15.78 13.86 12.95 
21.89 12.23 14.65 17.1 25.78 28.05 26.18 28.68 6.03 28.13 28.14 8.93 3.09 30.35 10.52 30.46 10.05 10.28 13.04 23.49 22.91 10.75 15.42 28.12 21.59 15.36 14.36 28 30.82 1.92 9.59 26.45 3.25 16.58 29.23 10.79 19.61 18.09 21.64 10.57 28.69 23.17 21.64 15.21 10.98 6.92 8.74 19.17 12.15 14.97 23.91 9.41 21.01 17.36 29.28 6.47 0 27.1 5.4 14.69 20.37 22.76 18.12 10.23 22.13 11.31 9.76 13.1 27.78 26.85 11.01 17.89 17.8 16.17 8.98 
9.94 26.13 12.72 13.64 7.5 11.12 8.32 4.28 21.73 13.86 3.95 22.86 27.46 8.47 21.63 16.45 20.24 26.83 14.3 6.01 6.59 20.77 11.74 7.85 19 24.77 19.53 9.91 8.13 25.61 24.21 12.22 27.98 27.33 14.4 28.5 18.04 11.67 14.75 18.9 5.44 6.58 7.04 20.6 25.83 21.51 20.39 16.44 17.34 19.26 4.56 26.35 19.49 11.69 12.63 25.67 27.1 0 21.7 24.24 18.56 4.95 16.18 28.27 7.66 24.83 17.34 21.43 13.44 11.24 18.71 18.36 9.91 11.85 21.35 
16.85 11.63 9.29 12.33 20.59 23.12 21.16 23.32 2.59 23.63 22.82 6.99 6.46 25.15 7.9 26.16 6.6 10.67 7.76 18.18 17.62 7.96 10.02 22.94 18.22 13.78 11 23.09 25.58 4.02 8.7 21.82 6.94 15.73 24.75 11.87 16.1 13.05 17.45 6.47 23.38 17.89 16.33 12.22 10.46 3.8 5.04 15.3 7.91 11.79 18.59 9.46 17.79 12.24 24.58 7.03 5.4 21.7 0 13.28 16.96 17.37 14.18 11.35 16.88 10.54 4.36 10.43 23.25 22.1 6.92 14.24 12.52 11 6.04 
24.82 24.91 16.91 22.11 27.12 30.77 18.92 27.66 10.7 17.92 23.09 20.26 12.13 31 20.97 19.27 19.38 5.4 12.89 23.99 23.71 5.7 16.45 29.17 9.01 26.96 23.35 19.78 31.09 15.17 5.11 17.06 12.36 29 18.84 6.41 7.95 21.7 11.57 18.73 28.31 24.01 22.43 24.77 23.72 9.49 17.91 8.8 8.4 4.98 19.76 22.6 8.23 20.7 19.74 8.32 14.69 24.24 13.28 0 8.21 22.09 8.5 6.61 23.55 3.47 13.46 23.31 17.77 17.96 19.11 25.96 15.01 13.2 19.14 
22.18 27.91 15.84 21.14 23.28 27.27 11.68 22.54 14.81 9.76 16.45 23.1 18.55 26.4 23.21 11.1 21.38 13.21 12.3 20.14 20.08 9.62 14.82 24.95 1.27 29.02 24.35 12.06 26.29 20.16 11.75 9.12 18.91 31.43 10.65 14.49 0.92 20.04 3.99 20.3 23.43 20.35 19.02 25.87 26.89 13.66 20.22 2.5 9.2 5.4 14.04 26.2 1.1 19.12 11.65 14.92 20.37 18.56 16.96 8.21 0 17.91 3.45 14.6 20.29 10.92 14.86 25 9.64 10.12 20.54 26.03 11.52 10.48 21.62 
5.71 21.18 8.13 8.73 5.38 9.4 10.46 6.04 17.76 15.93 7.99 17.97 23.44 8.91 16.7 18.81 15.36 23.81 10.52 2.31 2.48 17.78 7.38 7.14 18.65 19.88 14.6 12.56 9.04 21.16 21.13 13.96 23.96 22.46 16.73 25.48 17.21 6.75 14.62 14.04 6.37 2.67 2.25 15.71 20.89 17.74 15.59 15.5 14.3 17.2 5.33 21.43 18.96 6.74 15.26 22.1 22.76 4.95 17.37 22.09 17.91 0 14.91 25.18 3.26 22.04 13.07 16.48 15.46 13.25 13.82 13.64 7.07 8.92 16.49 
18.88 24.75 12.39 17.7 20.25 24.18 10.43 19.93 12.27 10.31 14.66 19.97 16.7 23.62 19.97 12.39 18.13 12.57 8.89 17.08 16.96 7.67 11.38 22.03 4.6 25.7 20.95 11.44 23.58 17.66 10.54 9 17.12 28.16 11.37 14.08 2.57 16.62 3.62 17 20.73 17.24 15.84 22.47 23.78 11.23 17.04 1.15 6.27 3.94 11.62 23.19 4.54 15.69 11.83 13.36 18.12 16.18 14.18 8.5 3.45 14.91 0 14.05 17.09 10.25 11.65 21.67 10.04 9.74 17.22 22.58 8.23 7.05 18.44 
26.58 22.06 18.35 22.83 29.63 32.85 24.28 31.12 9.11 24.11 27.86 17.95 7.18 33.92 19.14 25.69 17.95 1.49 14.8 26.71 26.3 7.5 18.37 31.87 15.52 24.78 22.35 25.47 34.16 11.41 4.07 23.01 7.18 26.39 25.09 0.56 14.19 22.99 17.51 17.76 31.54 26.6 24.95 23.57 20.81 8.36 16.39 14.66 10.95 10.1 24.07 19.38 14.76 22.04 25.8 4.35 10.23 28.27 11.35 6.61 14.6 25.18 14.05 0 25.87 3.8 13.64 21.72 23.9 23.79 18.2 25.51 18.42 16.47 17.3 
2.44 18.91 7.73 6.3 3.78 7.22 13.7 6.98 17.74 19.12 11.11 16.23 23.23 8.27 14.78 22.02 13.68 24.59 11.09 1.75 1.1 18.74 7.5 6.09 21.14 17.24 12.15 15.82 8.7 20.39 21.91 17.11 23.74 19.75 19.95 26.23 19.53 4.49 17.29 12.48 6.7 1.22 1.29 13.09 18.77 17.94 14.22 17.82 15.36 18.86 8.57 19.51 21.38 4.91 18.51 22.41 22.13 7.66 16.88 23.55 20.29 3.26 17.09 25.87 0 23.04 12.84 14.15 18.64 16.45 12.19 10.71 8.89 10.44 14.89 
23.99 22.03 15.82 20.71 26.74 30.16 20.52 27.88 7.97 20.33 24.22 17.52 8.67 30.89 18.41 21.98 16.96 2.33 11.98 23.72 23.36 4.3 15.62 28.92 11.91 24.32 21.15 21.68 31.07 11.93 1.86 19.21 8.89 26.22 21.32 3.85 10.46 20.59 13.71 16.49 28.39 23.66 22.03 22.5 20.81 6.87 15.43 10.87 7.74 6.31 20.53 19.58 11.17 19.61 22 4.88 11.31 24.83 10.54 3.47 10.92 22.04 10.25 3.8 23.04 0 11.63 20.87 20.12 19.99 16.9 24.03 15.11 13.17 16.55 
13.14 13.1 5.12 9.19 16.6 19.45 17.17 19.06 4.92 20.17 18.52 8.35 10.43 21.11 8.34 22.86 6.53 12.58 3.64 14.02 13.49 7.77 5.69 18.93 16.11 14.21 9.97 19.19 21.49 8.32 10.06 18.24 10.94 16.58 21.28 14.08 13.95 9.43 14.46 5.53 19.18 13.77 12.17 11.45 12.16 5.32 5.39 12.79 5.82 10.41 14.29 11.7 15.84 8.51 20.91 9.76 9.76 17.34 4.36 13.46 14.86 13.07 11.65 13.64 12.84 11.63 0 10.26 19.75 18.38 5.83 12.5 8.3 6.98 6.79 
12.61 4.76 10.39 7.86 16.8 17.57 24.69 21.04 12.91 28.89 24.14 4.18 15.72 21.07 2.62 31.77 3.93 21.09 12.84 15.89 15.23 17.66 11.73 18.9 26.23 4.06 2.08 26.91 21.76 11.23 19.06 26.82 16.07 6.62 29.95 22.25 24.09 9.78 24.06 4.73 20.53 15.37 14.44 2.17 4.79 14 5.44 22.79 16.08 20.66 20.35 5.97 26.01 9.76 29.15 17.37 13.1 21.43 10.43 23.31 25 16.48 21.67 21.72 14.15 20.87 10.26 0 28.42 26.66 4.47 5.32 15.95 15.62 4.43 
21.03 32.35 18.05 22.24 20.3 24.25 5.16 17.7 21.77 0.48 9.9 27.86 26.63 21.9 27.38 3.43 25.57 22.45 16.21 17.68 17.94 17.68 16.72 21.17 9.16 32.42 27.13 3.74 21.51 27.06 20.56 1.62 27.07 35.03 1.54 23.87 9.82 20.52 6.44 24.24 18.87 18.12 17.43 28.57 31.58 20.87 24.87 9.27 15.63 13.91 10.15 31.37 9.94 19.9 2.05 23.39 27.78 13.44 23.25 17.77 9.64 15.46 10.04 23.9 18.64 20.12 19.75 28.42 0 2.23 24.3 27.6 12.48 12.99 26.22 
18.85 30.71 16.27 20.25 18.07 22.02 2.94 15.52 20.82 2.69 7.82 26.33 25.92 19.71 25.74 5.56 23.96 22.31 14.78 15.46 15.73 17.15 14.93 18.95 9.91 30.62 25.29 2 19.34 26 20.24 1.14 26.39 33.24 3.51 23.81 10.1 18.48 6.39 22.6 16.68 15.9 15.25 26.71 29.99 20.01 23.35 9.19 14.75 13.69 7.94 29.87 10.65 17.9 2.53 22.87 26.85 11.24 22.1 17.96 10.12 13.25 9.74 23.79 16.45 19.99 18.38 26.66 2.23 0 22.64 25.6 10.73 11.47 24.67 
11.36 8.08 6.52 6.33 15.5 17.26 20.87 19.14 9.13 24.75 20.93 4.16 13.05 20.03 3.13 27.59 1.53 17.4 8.43 13.81 13.16 13.42 7.84 17.79 21.77 8.49 4.26 23.06 20.61 9.1 15.16 22.71 13.49 10.97 25.83 18.71 19.62 7.75 19.68 0.46 18.87 13.37 12.1 5.66 7.44 10.07 2.28 18.34 11.64 16.24 16.91 7.68 21.55 7.3 25.15 13.93 11.01 18.71 6.92 19.11 20.54 13.82 17.22 18.2 12.19 16.9 5.83 4.47 24.3 22.64 0 7.32 11.92 11.36 2.71 
8.63 9.52 10.22 5.35 12.54 12.6 23.23 17.11 16.41 28.08 21.62 9.26 20.22 16.44 7.52 31.03 7.89 24.67 13.83 12.42 11.8 20.28 11.37 14.4 27.17 6.9 3.56 25.46 17.2 15.97 22.35 25.98 20.63 9.21 29.06 26.01 25.13 7.18 24.29 7.77 16.4 11.85 11.4 3.29 9.9 17.3 9.35 23.62 17.93 22.49 18.37 11.25 27.11 7.7 27.95 21.25 17.89 18.36 14.24 25.96 26.03 13.64 22.58 25.51 10.71 24.03 12.5 5.32 27.6 25.6 7.32 0 15.42 15.75 8.91 
10.67 19.99 5.57 10.16 12.22 16.05 9.04 12.78 12.08 12.95 10.35 15.71 17.78 15.98 15.03 15.85 13.27 17 4.77 9.05 8.85 10.94 4.23 14.18 12.46 19.94 14.66 11.18 16.08 16.54 14.36 10.87 18.29 22.55 14.01 18.68 10.71 8.74 9.01 11.9 13.33 9.14 7.66 16.12 19.31 11.72 12.78 9.02 7.47 10.14 6.14 19.28 12.62 7.92 13.24 15.78 17.8 9.91 12.52 15.01 11.52 7.07 8.23 18.42 8.89 15.11 8.3 15.95 12.48 10.73 11.92 15.42 0 1.96 14.05 
11.99 19.37 5.55 10.7 13.92 17.66 10.2 14.71 10.33 13.43 12.09 14.88 15.97 17.83 14.41 16.24 12.58 15.05 3.34 10.79 10.53 8.98 4.39 15.96 11.53 19.66 14.55 12.21 17.96 15.01 12.4 11.42 16.48 22.24 14.53 16.73 9.61 9.57 8.58 11.27 15.23 10.83 9.27 16.05 18.59 9.89 11.89 7.99 5.52 8.42 7.95 18.4 11.58 8.65 14 13.86 16.17 11.85 11 13.2 10.48 8.92 7.05 16.47 10.44 13.17 6.98 15.62 12.99 11.47 11.36 15.75 1.96 0 13.23 
14.01 6.31 8.92 8.96 18.17 19.8 23.09 21.84 8.57 26.66 23.45 1.65 11.4 22.69 1.86 29.43 1.24 16.69 10.05 16.51 15.87 13.58 10.18 20.45 22.87 7.82 5.39 25.23 23.28 7.06 14.72 24.66 11.78 9.97 27.76 17.83 20.71 10.44 21.21 2.45 21.58 16.08 14.8 6.37 5.39 9.71 1.4 19.59 12.46 16.91 19.36 5.24 22.57 10 27.2 12.95 8.98 21.35 6.04 19.14 21.62 16.49 18.44 17.3 14.89 16.55 6.79 4.43 26.22 24.67 2.71 8.91 14.05 13.23 0 
23.11 8.07 4.84 2.89 6.44 23.37 11.4 25.29 23.83 13.74 10.76 34.77 11.02 16.82 32.7 12.86 35.08 8.85 5.61 1.9 12.34 9.21 6.46 11.81 18.46 14.36 26.71 7.44 13.63 26.21 14.32 32.63 17.4 32.23 28.56 26.61 3.62 17.67 16.42 9.59 2.09 3.5 16.79 19.78 18.77 18.81 28.69 15.43 13.43 5.76 21.3 25.43 2.99 25.8 24.56 19.35 13.62 22.87 19.73 26.33 5.1 16.17 33.35 2.25 21.33 7.38 18.55 23.33 23.77 6.29 8.37 6.2 16.23 16.4 11.89 16.09 17.35 13.92 36.96 30.8 14.49 42.35 31.71 4.6 19.25 13.53 7.19 35.67 9.41 26.69 22.53 28.87 23.46 18.35 17.25 30.4 38.47 2.2 4.1 29.66 26.85 10.22 25.51 15.49 18.3 2.18 24.84 27.13 35.58 16.95 17.71 11.26 24.24 11.18 17.32 6.74 0.99 12.43 4.58 28.49 25.69 25.75 12.69 2.83 42.2 12.38 44 23.83 12.45 35.11 15.79 23.61 21.68 25.34 24.92 32.27 28.08 29.85 10.07 3.38 24.05 21.66 7.3 6.02 29.61 25.83 4.54 4.66 12.1 20.34 21.36 12.87 9.6 12.24 13.99 10.45 18.63 9.05 5.45 30.6 9.88 17.87 4.63 6.85 5.12 9.93 1.9 19.98 19.29 9.02 8.71 18.29 12.68 18.87 13.06 8.82 17.47 19.42 23.72 23.57 20.24 5.51 8.37 4.52 17.92 8.72 7.2 10.29 18.45 5.32 7.06 19.09 6.24 18.74 9.21 8.32 18.34 3.88 22.78 13.81 7.58 9.05 7.7 19.98 9.49 8.96 12.17 22.26 6.06 15.86 2.76 7.01 9.24 22.27 5.78 11.73 5.22 4.44 13.08 9.01 13.94 12.06 12.44 9.51 17.13 14.76 9.8 20.33 17.28 10.79 15.94 7.15 10.9 14.02 11.41 9.15 15.07 5.5 11.43 28.28 11.9 8.43 27.35 14.91 12.82 17.25 17.25 10.31 14.89 27.97 13.63 10.99 1.95 28.36 5.13 13.72 7.91 7.1 9.15 17.76 10.08 5.63 25.34 12.35 26.58 18.11 16.78 24.1 2.09 33 24.12 14.13 12.84 17.74 18.31 16.39 10.1 18.83 32.27 3.69 27.68 7.25 9.13 16.26 18.32 5.72 5.21 9.59 9.4 11.56 5.34 19.5 6.92 17.16 13.35 9.55 24.99 33.73 6.37 17.92 28.97 18.2 19.49 22.05 2.88 1.87 13.62 9.1 1.81 16.76 21.13 7.89 14.05 3.93 35.41 27.86 18.31 38.18 14.49 25.04 29.59 29.43 7.06 16.85 17.91 2.93 3.72 5.8 20.75 10.82 29.06 14.22 23.49 27.03 12.56 13.94 21.84 19.07 7.19 11.05 13.16 29.1 6.25 23.07 31.78 17.79 7.06 13.32 18.27 3.39 38.38 18.27 10.56 28.08 26.7 11.93 9.47 13.66 17.4 19.35 9.87 7.62 27.67 19.41 19 14.58 22.17 4.75 12.04 17.89 22.71 30.11 12.03 8.47 8.07 14.94 7.39 3.13 26.75 19.29 12.22 18.36 7.3 15.86 16.1 29.66 28.24 26.6 22.89 31.84 13.58 8.35 28.25 21.5 8.17 5.14 6.96 9.85 13.29 17.62 17.35 29.22 19.79 36.85 15.16 28.31 25.85 7.04 34.52 25.36 33.23 12.72 21.31 39.74 29.65 9.81 24.67 43.06 5.06 27.83 12.43 15.09 29.26 11.12 20.73 12.18 14.73 17.17 10.19 17.54 19.08 5.1 6.35 21.6 37.74 14.53 24.61 8.47 15.32 12.6 15.59 9.63 16.63 11.28 12.49 9.46 7.78 36.45 17.95 2.67 11.03 25.1 10.83 3.52 27.52 18.16 6.11 16.25 16.8 20.51 3.93 14.85 15.72 10.04 8.89 18.65 33.14 14.3 29.65 9.49 20.35 14.89 6.23 35.2 12.96 9 6.44 16.7 18.24 5.52 22.62 22.95 14.7 11.9 6.62 16.06 17.52 21.46 23.28 29.91 5.18 2.81 10.54 18.26 9.38 9.18 17.9 32.19 11.32 7.48 32.01 23.63 2.37 29.4 15.92 29.92 22.02 24.2 5.3 6.97 30.47 14.29 2.63 26.19 32.74 9.77 7.38 4.71 16.13 37.4 12.21 29.73 27.8 15.02 21.62 29.04 11.16 26.69 28.12 0.84 5.75 6.43 17.86 24.44 26.32 25.61 29.48 20.73 26.29 11.54 36.42 20.1 12.18 14.31 22.22 35.27 6.05 18.73 34.76 26.28 7.44 11.52 31.06 6.29 18.39 21.5 15.77 9.29 12.34 17.82 21.04 15.76 13.84 12.2 27.41 27.06 4.92 4.96 35.91 11.66 14.22 7.26 11.7 9.28 19.2 16.04 6.71 13.17 30.97 18.91 22.92 7.59 19.85 29.5 2.73 8.19 27.5 4.49 16.08 25.54 8.16 7.73 16.05 16.58 5.38 31.71 22.48 15.36 11.03 13.58 1.47 10.19 10.56 5.29 5.27 23.76 10.17 23.32 16.08 11.69 7.1 7.91 22.18 2.62 8.89 14.7 20.3 14.44 10.48 15.58 6.08 6.15 12.69 19.45 13.03 5.98 11.28 13.52 11.56 7.42 13.38 27.82 26.88 20.19 29.81 3.16 19.05 33.45 10.32 10.59 27.23 12.88 12.48 29.78 6.27 19.01 20.36 2.8 28.12 22.72 12.58 2.95 16.28 24.17 0.6 25.63 7.43 22.04 8.75 33.93 15.25 26.53 20.1 41.3 46.06 29.45 30.52 14.16 22.2 10.18 9.82 47.47 13.15 23.89 1.22 24.91 40.59 11.7 19.92 21.14 7.87 18.78 7.64 14.4 20.3 12.18 27.54 19.58 0.47 2.04 27.98 28.39 6.94 19.03 18.43 14.93 17.86 11.6 35.48 8.36 32.85 39.25 12.97 10.45 14.66 13.03 12.23 5.96 14.57 24.69 19.4 6.01 12.7 16.67 26.17 11.17 38.69 21.5 8.63 23.64 21.46 11.63 16.49 30.6 10.77 11.85 10.01 29.27 34.47 27.37 15.03 9.22 24.06 13.48 4.32 20.82 19.76 19.88 10 36.55 29.22 5.13 23.57 23.8 16.49 8.38 10.25 18.85 12.89 29.45 13.14 28.35 12.93 5.34 11.21 13.48 10.41 6.08 34.04 6.94 31.34 2.47 33.24 2.49 19.63 10.84 8.95 21.99 16.99 13.75 24.55 23.27 10.27 6.54 28.47 21.02 6.61 13.34 28.56 7.91 5.86 24.24 26.24 17.33 10.6 32.72 3.72 21.68 14.96 12.29 6.86 5.3 5.88 3.23 30.72 9.35 19.93 21.14 3.23 26.27 8.11 36.42 18.21 7.1 30.25 7.11 23.62 33.17 13.46 18.48 23.14 8.21 10.08 6.18 3.26 35.48 16.39 2.37 10.82 21.17 15.52 1.26 42.42 11.43 30.32 17.28 8.16 17.65 30.08 34.31 11.85 16.72 17.25 28.38 11.81 18.64 29.23 31.56 4.94 8.9 21.16 0.34 16.5 28.35 8.21 11.91 22.22 15.53 18.51 32.76 33.93 28.21 24.39 11.85 7.39 8.35 25.3 11.45 10.78 24.09 12.29 22.21 24.81 41.79 3.93 2.98 40.4 3.74 9.86 11.9 23.64 21.47 7.61 22.08 6.73 15.4 12.92 21.6 34.81 11.31 19.07 9.99 20.67 6.55 25.91 20.83 24.51 42.89 16.1 7.78 6.61 32.49 20.29 1.46 28.41 29.65 14.95 11.06 0.61 39.12 33.12 21.86 21.92 26.33 18.43 40.67 16.16 8.64 23.78 17.88 2.25 5.08 9.44 18.59 25.85 19.57 27.29 25.77 25.86 32.74 11.24 32.71 28.15 13.38 12.62 25.95 32.67 6.58 28.01 19.39 21.07 10.31 24.15 27.53 10.96 45.43 20.1 26.65 31.25 19.3 28.36 17.61 18.6 15.04 29.13 24.43 2.18 12.87 10.05 22.55 9.55 12.58 7.95 11.64 14.56 5.88 3.31 31.76 34.24 7.41 12.61 20.56 8.3 9.21 32.41 19.46 14.53 11.24 19.68 1.8 15.15 17.81 16.76 5.14 4.2 16.67 2.02 23.49 13.96 15.56 18.86 5.08 13.87 7.46 26.94 11.98 14.2 24.29 11.46 14.69 21.02 14.63 19.57 26.53 8.61 16.96 12.24 3.06 24.18 22.69 4.51 7.59 7.61 20.22 1.62 33.43 24.5 21.24 13.87 30.15 21.82 22.04 17.47 10.26 53.58 38.71 4.63 25.56 17.13 22.84 6.94 22.59 53.86 1.44 13.4 13.38 14.49 6.57 17.28 31.23 15.9 27.58 33.19 33.44 31.83 18.14 9.56 17.73 9.87 12.34 45.04 8.06 14.83 3.47 26.42 45.27 22.13 29.51 11.91 10.4 19.75 8.46 26.94 30.01 12.81 15.29 20.45 4.76 6.07 34.82 20.65 21.43 23.49 41.48 9.33 12.59 19.61 16.74 9.74 6.66 12.34 11.61 8.39 2.51 31.49 25.9 9.64 20.67 14.11 7.11 8.12 16.81 19.62 14.27 13.05 19.68 0.75 13.55 16.24 11.36 5.34 3.9 11.55 1.59 13.87 7.64 22.35 27.36 5.08 15.36 5.98 29.76 19.5 10.05 20.52 6.19 23.35 28.61 15.42 17.41 21.49 17.73 15.37 4.83 5.48 28.1 21.87 2.26 6.89 13.86 14.1 0.95 7.95 14.48 28.25 6.09 13.37 28.86 17.98 32.77 21.91 13.95 47.17 15.59 2.24 21.25 4.35 35.75 24.69 2.21 10.19 24.17 10.3 9.81 31.36 36.38 31.4 32.88 30.35 10.35 10.61 8.81 14.13 8.26 20.73 23.14 15.92 29.04 32.92 3.42 7.69 34.77 14.8 3.38 15.51 28.88 14.9 0.87 19.63 2.06 12.12 11.27 31.03 25.27 15.57 28.12 14.18 20.45 10.81 9.08 6.41 5.22 1.98 15.27 19.24 11.35 16.19 19.24 26.73 8.97 7.08 20.2 8.76 23.76 17.29 16.91 6.57 7.11 15.09 11.63 19.58 11.7 6.3 12.42 16.55 6.3 12.37 12.18 6.36 5.65 6.92 9.39 14.48 5.97 9.9 6.81 9.22 9.65 5.99 10.64 15.61 12.58 12.5 14.19 14.66 6.3 4.76 10.97 13.56 12.91 5.41 7.78 3.21 2.37 11.81 0.58 13.22 5.46 6.26 11.49 26.89 13 15.77 7.97 32.67 13.92 21.99 27.69 12.38 23.39 16.65 12.64 5.71 21.49 11.69 3.11 0.38 2.03 21.15 23.29 12.18 9.75 16.56 10.62 16.06 4.19 27.25 28.81 3.4 22.42 16.44 32.17 5.76 25.02 30.02 12.77 1.71 11.61 26.59 2.31 18.62 15.75 12.41 15.66 14.03 14.76 8.01 7.09 11.46 21.76 16.31 6.1 6.6 15.57 10.39 10.89 9.81 4.4 23.48 17.17 23.24 27.71 18.57 27.19 17.84 11.77 5.22 23.5 16.84 5.33 0.32 0.78 8.31 11.98 12.5 18.24 22.64 18.28 20.33 11.69 28.25 23.14 3.71 18.28 26.35 33.48 9.11 11.44 14.87 24.28 3.23 17.62 17.54 1.11 28.94 12.45 10.32 13.92 22.65 11.47 11.45 6.97 7.5 11.91 8.29 35.6 13.1 16.68 10.91 12.15 22.4 13.12 3.4 13.45 12.22 17.45 13.85 11.38 6.45 20.57 8.55 7.17 24.75 11.43 19.46 23.76 13.23 2.68 7.49 4.48 1.81 4.79 22.13 21.58 15.23 18.39 28.53 5.24 8.47 26.74 7.75 6.25 11.08 17.23 5.9 10.26 16.19 5.13 4.74 17.26 25.57 21.49 7.33 22.11 10.25 12.1 13.85 9.08 12.75 12.07 6.16 15.01 23.44 10.04 18.51 10.99 24.69 14.18 10.22 14.62 18.41 4.83 11.83 4.61 10.06 9.91 7.34 13.7 13.5 12.43 8.89 8.5 7.15 9.1 9.17 13.06 19.01 3.23 21.74 9.22 22.46 12.66 12.53 13.34 15.81 5.08 14.33 22.24 9.94 13.23 7.1 15.36 20.35 19.27 3.99 7.92 3.51 3.95 8.85 27.09 29.44 17.01 9.67 2.31 23.53 38.08 12.14 39.97 34.3 14.94 35.34 22.16 11.66 17.11 12.95 3.19 3.16 4.01 20.85 27.05 26.15 25.49 29.09 26.91 33.65 7.23 32.48 13.25 12.19 11.57 41.01 41.5 7.03 33.86 43.06 25.93 5.8 26.54 44.31 3.56 25.44 11.16 26.1 18.82 16.44 11.7 8.77 8.81 13.59 29.5 16.42 37.74 16.35 38.31 19.95 11.93 10.88 12.15 45.92 6.08 13.42 2.55 14.57 5.54 31.36 21.03 31.04 11.72 40.31 24.76 12.47 23.63 3.99 14.73 9.36 20.01 29.26 0.72 21.42 15.57 17.71 17.9 23.38 12.22 11.52 1.47 17.37 4.85 10.28 29.1 15.93 17.18 20.2 11.28 9.93 20.11 16.18 12.6 8.2 26.64 6.84 15.45 22.93 12.34 30.3 16.94 18.75 1.86 24.38 31.8 19.68 14.33 32.03 6.86 16.3 12.49 24.75 3.44 2.5 16 9.9 16.67 23.59 36.1 25.2 4.48 37.52 16.49 44.61 24.13 13.75 23.99 13.77 18.41 35.94 10.15 31.05 23.32 25.63 17.06 18.44 3.92 21.11 26.58 10.55 5.97 17.84 18.75 6.44 32.93 9.94 15.86 27.6 13.13 25.6 7.19 40.73 24.79 18.99 5.01 28.81 5.5 22.32 9.43 12.81 0.81 4.79 13.46 5.17 22.15 10.28 14.22 14.47 6.1 13.73 10.83 33.16 20.06 17.95 28.39 12.73 21.71 26.37 20.49 22.34 16.31 16.32 19.55 11.14 2.83 15.22 25.62 5.65 4.67 19.65 8.47 6.41 11.94 22.51 15.52 3.04 18.43 27.77 2.38 15.78 10.63 27.37 5.91 29.57 16.51 10.7 9.28 39.96 17.95 21.77 25.62 10.21 23.09 19.93 4.62 25.99 12.8 15.63 2.08 27.18 38.42 14.69 30.06 16.63 14.39 8.08 9.61 17.66 21.27 17.94 9.99 21.57 4 2.29 13.25 32.74 9.05 8.6 36.46 41.33 19.11 11.82 17.51 37.44 29.57 48.82 15.74 10.96 23.47 13.42 2.18 5.05 6.18 26.73 28.43 21.83 16.46 15.22 19.69 17.88 11.94 26.44 13.69 10.72 11.36 18.99 33.21 12.11 21.91 36.78 35.41 9.44 21.86 17.26 5.07 45.07 11.7 27.56 20.05 16.04 18.82 21.04 22.9 26.4 22.79 10.6 15.26 7.25 20.62 22.97 8.87 21.32 15.64 22.02 6.96 15.25 22.95 10.58 11.58 6.39 8.24 3.96 24.24 10.99 12.27 23.69 11.67 29.72 12.23 25.97 8.59 1.94 16.1 2.03 9.58 12.06 13.17 23.88 12.29 13.67 8.85 5.48 11.78 16.42 32.34 12.68 20.09 9.71 12.85 7.2 21.3 8.36 14.46 18.32 3.21 13.99 23.07 13.6 14.03 34.35 27.51 19.25 29.47 21.16 3.41 11.7 8.8 3.94 9.28 28.51 21.68 8.81 17.39 26.78 2.59 13 30.08 7.15 6.09 9.76 13.72 7.49 5.64 13.86 1.64 14.03 12.15 10.81 28.4 7.6 29.39 19.19 6.37 19.85 32.38 45.64 3.21 26.84 6.93 26.94 3.22 21.5 21.88 24.84 9.74 24.86 44.01 19.71 20.53 5.39 20.57 9.9 5.96 21.73 8.59 26.84 1.94 26.46 38.26 10.7 28.35 24.13 12.04 8.27 7.64 17.64 12.77 28.43 21.47 21.53 1.56 0.79 22.67 29.13 9.03 15.11 20.58 16.58 31.64 5.56 10.61 13.5 27.49 17.77 21.12 17.33 29.23 25.75 14.72 4.37 12.66 16.19 14.61 12.96 30.14 18.05 17.43 23.74 42.63 2.78 3.62 18.03 8.89 17.29 17.68 15.04 20.55 7.6 29.15 12.81 13.54 18.51 34.38 32.44 9.23 22.59 17.06 12.47 7.48 28.18 13.5 22.88 17.49 20.95 12.43 22.37 17.3 15.12 5.62 7.45 10.66 7.75 38.78 23.9 29.84 29.03 8.58 21.36 16.8 37.4 20.02 12.23 23.56 22.97 39.69 35.21 18.97 26.2 29.45 10.27 17.01 21.62 7.44 31.36 45.89 9.14 11.57 32.11 30.31 9.55 33.18 12.01 11.25 5.56 20.38 18.89 26.03 14.74 32.14 29.94 13.38 29.91 15.55 21.01 7.63 14.87 26.39 7.18 13.6 2.6 36.79 32.7 20.86 32.25 27.38 11.04 23.05 16.39 13.44 27.08 13.04 20.71 16.59 1.72 5.13 38.69 29.1 9.44 19.92 28.61 19.23 12.92 9.42 12.09 33.61 24.71 29.76 20.29 21.23 5.93 23.51 18.99 8.8 11.97 16.42 10.98 7.86 13.78 27.33 5.38 14.19 26.37 9.98 7.68 17.25 36.84 13.75 0.7 24.72 4.27 15.29 18.97 32.81 30.78 20.16 38.48 23.37 21.81 25 14.04 3.27 28.34 21.35 24.87 22.67 20.75 38.39 17.1 17.89 0.97 7.34 4.27 19.66 22.29 1.62 9.9 16.6 9.28 22.26 12.34 17.72 5.03 0.81 13.52 2.32 18.67 17.99 9.75 16.4 33.49 11.75 11.43 16.64 21.28 6.45 11.78 12.34 12.41 12.02 15.88 3.8 6.21 7.16 21.05 19.41 14.52 14.19 18.78 15.38 8.89 7.79 21.8 1.46 23.4 12.45 15.62 14.51 17.1 27.67 17.35 9.72 11.29 24.77 3.14 17.66 10.76 11.94 13.18 20.04 7.05 6.17 9.78 12.53 8.9 24.72 17.15 13.11 23.34 14.35 19.09 11.54 28.59 3.44 9.66 3.82 9.91 20.45 2.97 20.27 12.15 14.33 13.53 17.06 20.46 12.29 2.37 19.32 4.2 19.64 25.7 19.78 15.78 29.56 7.69 5.76 11.14 30.07 6.31 9.89 23.04 27 11.83 9.76 3.98 5.76 8.09 2.3 18.48 13.31 17.28 18.12 11.12 17.75 8.01 23.51 18.5 7.07 27.85 7.52 22.78 23.03 17.27 15.42 24.33 9.23 15.4 5.49 6.68 28.37 24.1 0.62 8.61 12.5 8.63 2.63 5.61 9.26 23.78 28.39 16.23 25.37 16.8 13.3 12.11 8.99 13.2 21.72 14.86 16.47 42.52 23.1 6.13 13.78 23.86 28.45 8.75 21.43 35.38 4.24 23.57 19.52 11.5 13.44 12.96 14.68 13.52 17.4 8.5 30.1 2.36 16.58 16.13 14.98 12 22.05 20.62 26.78 6.52 13.02 29.93 8 23.55 27.26 27.89 8.66 14.24 14.42 24.98 3.35 17.94 36.42 0.93 29.24 17.59 16.97 15.3 21.6 12.72 7.86 7.94 11.92 18.29 11.26 14.98 22.58 8.1 10.4 14.14 15.42 9.94 24.75 14.62 4.31 19.1 14.9 27.33 4.55 17.32 17.99 10.65 2.35 23.36 31.21 0.83 17.16 9.91 12.8 9.8 16.17 6.7 9.35 7.7 9.37 8.55 7.42 7.87 4.77 28.73 19.49 28.15 11.83 7.31 37.87 7.07 33.83 9.63 19.46 12.74 17.2 27.42 27.29 23.52 12.33 16.63 10.83 31.79 12.63 2.75 26.27 18.23 3.68 1.78 15.3 8.55 7.69 21 3.53 32.96 21.8 27.22 13.22 2.38 35 12.64 38.07 8.8 12.5 17.47 14.29 25.72 25.07 18.92 26.06 13.88 26.38 10.77 13.95 2.47 36.7 36.85 4.21 14.43 26.94 24.52 3.9 4.42 15.57 5.48 8.43 20.05 12.07 9.56 16.01 21.93 4.81 7.72 25.05 1.93 12.75 17.56 15.48 10.96 8.77 16.64 7.98 6.36 10.64 24.92 15.19 8.92 24.43 9.35 6.78 6.2 19.35 8.85 20.5 9.45 8.3 21.37 10.11 33.3 13.28 9.04 15.89 6.27 13.38 18.8 7.81 12.04 12.99 21.14 18.88 5.97 5.92 28.43 23.05 1.62 11.72 6.61 8.46 1.35 5.97 2.65 7.62 35.97 3.32 23.07 15.67 8.64 15.39 9.73 11.08 6.03 1.72 21.41 0.81 12.81 26.37 12.85 10.11 14.27 9.31 8.63 24.63 18.71 7.94 8.18 15.87 6.17 13.65 13.12 5.61 8.54 13.79 5.47 15.71 12.63 5.86 8.33 10.7 19.21 5.89 5.61 21.74 5.41 6.19 19.9 11.36 15.63 11.39 21.83 8.55 7.01 12.4 11.81 13.87 5.14 12.42 8.49 13.18 10.56 14.06 8.71 6.65 2.75 23.34 2.37 10.13 12.08 4.95 10.63 26.05 11.03 17.25 16.09 25.76 12.19 9.47 10.77 28.28 22.36 15.69 8.76 25.6 27.22 5.86 13.49 21.37 8.18 2.89 13.49 21.46 8.05 30.76 10.05 12.28 13.74 7.31 9.36 11.6 5.94 6.54 26.81 23.66 7.68 27.42 11.37 13.18 15.13 11.93 25.14 20.32 29.07 13.78 10.09 19.39 24.19 10.39 5.24 32.89 24.4 4.4 9.66 21.66 12.29 5.12 29.27 16.87 10.21 30.46 21.26 9.63 7.9 1.23 28.24 3.07 8.71 27.33 11.23 18.49 17.96 13.58 7.42 19.35 36.49 7.84 11.35 27.32 21.51 24.19 15.84 17.29 10.56 14 21.12 8.74 15.96 28.8 6.16 25.45 11.74 13.67 26.04 10.62 10 11.16 9.85 7.27 5.66 15.97 43.41 11.77 22.83 16.43 10.76 20.1 7.67 31.84 11.2 20.63 12.96 17.78 2.03 2.01 13.47 33.05 11.5 16.09 16.69 7.33 23.34 9.29 7.84 10.85 17.74 15.34 6.31 24.05 5.15 10.16 8.92 35.05 32.03 9.49 24.77 8.72 11.45 17.25 25.87 3.45 18.25 16.01 32.12 22.9 7.82 20.47 13 9 8.14 25.46 15.71 6.56 12.4 18.3 20.84 7.95 14.52 25.88 17.7 3.77 13.51 41.09 7.63 23.52 25.67 19.3 10.46 10.34 17.53 13.63 14.39 6.39 26.4 11.52 24.39 22.63 19.82 14.63 8.74 12.91 5.81 13.92 12.97 29.6 9.62 20.87 10.77 9.12 3.04 5.86 24.98 6.64 6.53 17.65 3.75 7.56 21.97 10.26 11.56 15.78 33.49 12.69 10.99 21.84 25.69 2.73 17.56 25.25 5.97 12.05 23.9 8.88 14.94 13.17 17.17 5.83 13.44 25.6 8.88 25.56 4.57 20.85 9.59 14.82 22 14.63 18.34 19.4 3.59 10.68 18.77 9.32 24.24 14.77 14.95 24.91 11.86 6.56 12.17 24.99 11.28 6.46 23.58 34.68 3.87 7.79 11.22 17.63 27.47 22.41 23.84 25.74 15.78 19.51 23.36 17.78 7.77 22.2 13.22 13.51 14.96 6.63 11.89 19.73 15.76 17.27 30.08 15.38 22.35 26.92 21.94 18.53 8.7 5.41 15.8 24.14 8.36 17.01 10.43 8.22 8.75 32.88 21.76 6.4 6.76 17.85 11.32 4.45 2.84 28.75 29.62 8.74 17.28 18.64 23.18 30.81 6.8 9.22 16.2 5.17 14.35 14.15 3.9 17.93 18.46 9.53 2.62 16.43 9.14 
2.77 2.67 2.77 2.38 2.05 1.16 2.19 2.96 2.47 2.7 2.57 1.07 2.38 2.66 2.37 2.02 1.68 1.04 2.49 2.23 2.13 2.96 2.55 1.74 2.71 1.51 1.04 2.04 1.59 2.02 1.09 2.04 2.87 2.61 2.23 1.48 1.9 1.61 1.54 2.45 2.01 1.67 1.12 2.07 2.86 2.81 2.5 1.83 2.67 2.14 1.79 1.53 2.47 2.03 1.39 2.21 1.49 1.58 2.91 1.62 1.02 2.49 2.18 2.52 1.23 1.51 1.62 1.88 2.59 2.17 1.1 2.36 2.18 2.8 1.29 1.28 2.76 1.54 2.39 1.64 2.32 1.87 1 2.2 2.68 1.22 2.18 2.43 2.7 2.03 1.76 1.92 2.41 1.78 2.06 2.76 1.47 1.56 1.8 2.47 2.98 1.56 2.98 2.13 1.37 1.2 2.57 2.51 1.9 2.21 2.86 1.64 1.8 2.09 2.49 2.8 1.2 2.71 2.48 1.3 2.25 1.41 2.62 2.19 2.98 2.92 1.11 2.26 2.21 2.14 2.4 1.37 1.03 1.43 2.32 2.1 2.94 2.88 1.53 2.42 2.97 1.28 1.8 2.87 1.2 1.59 1.47 2.75 1.56 1.65 2.95 2.75 2.88 1.21 1.53 2.68 2.92 1.78 2.71 1.78 1 1.51 2.31 1.48 1.77 2.52 1.35 1.64 1.15 2.96 1.66 2.78 1.61 2.18 2.2 1.51 1.55 2.17 2.26 2.51 2.22 2.27 1.31 1.52 2.52 2.01 1.52 2.64 1.46 1.3 1.32 2.82 2.48 1.03 1.29 2.87 1.11 2.44 1.2 1.16 1.43 1.43 1.51 2.4 2.58 1.31 1.91 2.68 2.98 2.66 2.12 1.71 2.55 1.69 2.15 1.61 2.01 1.41 2.67 2.31 2.85 1.41 2.34 2.08 2.18 2.97 2.09 2.48 2.08 1.95 2.01 1.98 2.02 1.33 2.65 2.94 1.63 2.14 1.79 2.45 2.59 2.86 1.31 2.73 1.13 2.19 1.17 1.79 1.07 1.91 1.88 2.91 2.26 1.07 2.13 1.16 2.69 2.65 2.53 2.28 2.64 2.67 2.91 2.49 2.36 2.82 1.56 1.16 1.45 1.13 1.82 1.96 2.49 1.61 1.16 1.12 1.31 2.84 3 1.97 2.72 1.12 1.3 2.72 1.89 2.24 2.11 2.7 1.66 2.35 1.32 1.36 1.64 1.33 2.06 2.11 2.7 2.9 1.73 2.85 1.75 1.66 2.85 1.41 1.67 2.67 1.9 1.36 1.7 1.89 1.29 1.03 2.64 1.58 1.94 2.97 1.01 1.76 2.68 2.31 1.61 1.41 2.33 1.65 1.17 1.57 2.63 1.1 2.46 1.62 1.75 2.75 1.27 2.19 2.83 1.8 2.3 2.81 2.81 2.93 1.64 2.54 2.69 2.86 1.75 2.8 1.77 1.93 1.79 1.63 1.22 2.57 2.21 2.17 2.24 2.15 2.15 2.13 2.76 2.93 1.93 2.07 1.15 2.57 1.66 2.12 2.6 1.31 1.48 1.93 2.18 2.38 1.61 2.95 2.85 2.26 1.88 1.46 1.82 2.78 1.53 2.77 2.21 1.12 1.98 1.9 2.92 2.86 2.59 2.64 1.61 1.95 2.42 2.25 2.43 1.03 1.72 1.93 2.1 1.08 1.29 2.84 1.31 1.14 1.14 2.24 2.43 1.15 1.9 2.98 2.2 1.84 2.34 1.1 2.99 2.63 2.56 2.88 1.02 2.79 1.34 1.83 1.36 1.47 2.35 1.26 1.09 1.96 1.05 1.03 2.22 1.21 2.77 1.26 2.45 1.73 2.71 2.68 1.06 2.43 1.55 1.99 1.84 2.35 1.43 1.62 1.95 2.64 2.49 2.45 2.49 1.96 2.45 1.33 1.08 1.95 2.99 1.19 1.71 2.1 2.51 1.9 2.89 2.85 2.03 2.05 2.82 1.68 1.65 1.44 1.47 1.95 1.77 2.06 2.82 2.53 1.12 2.15 2.51 1.87 1.41 2.93 1.94 1.3 2.92 1.9 1.01 2.72 2.77 1.03 1.79 1.12 1.72 1.88 2.95 2.02 2.2 1.04 2.82 1.43 2.54 2.71 1.22 2.55 2.38 1.73 2.15 1.59 2.52 1.7 1.09 1.85 1.87 1.65 1.26 2.86 2.62 1.14 2.24 2.11 2.9 2.9 1.88 1.81 1.4 1.5 2.39 1.97 1.36 1.04 1.64 2.49 2.86 1.59 2.98 2.13 2.18 2.55 1.85 1.84 1.93 2.23 1.07 1.26 1.44 2.85 1.17 1.6 2.61 1.76 2.98 1.55 1.85 1.81 1.5 1.94 1.31 2.13 2.04 2.75 2.55 1.79 1.58 1.39 2.98 2.41 2.46 1.53 1.08 1.06 2.96 2.52 2.49 2.58 2.89 1.69 2.78 1.85 1.46 1.51 2.77 1.47 2.33 1.4 2.86 1.87 1.16 2.21 2.12 2.22 1.86 1.49 1.93 2.17 1.97 1.64 2.39 2.2 2.24 2.68 1.84 2.9 1.53 1.83 2.47 2.76 1.9 1.75 1.41 3 2.96 1.64 2.06 2.94 2.5 1.02 2.32 2.06 2.37 2.41 1.55 1.2 2.72 2.29 2.53 1.93 2.96 1.67 1.62 1.25 2.04 2.39 2.32 2.51 2.56 1.04 1.06 1.67 2.55 1.09 1.98 1.61 1.33 1.94 2.56 1.85 2.55 2.82 1.57 2.56 1.68 1.22 2.34 1.53 2.46 2.35 2.44 1.92 1.98 2.99 2.06 2.68 2.47 2.58 1.41 1.58 2.09 2.43 2.47 1.27 2.19 2.32 2.09 1.97 1.46 1.42 1.11 2.89 2.75 2.1 2.94 2.31 2.68 2.44 2.19 2.62 2.11 1.69 2.81 1.98 1.17 2.13 2.27 2.72 1.15 2.09 2.86 2.55 1.11 1.21 1.95 2.47 1.26 1.08 2.26 1.37 1.09 2.11 1.76 1.71 2.12 1.28 1.73 1.4 1.78 2.85 1.79 2.9 1.48 1.52 1.69 2.85 1.9 2.6 1.6 2.52 2.82 2.77 1.63 1.06 1.7 1.63 1.67 1.19 1.19 2 2.09 2.18 2.98 2.98 1.41 1.05 2.96 1.72 2.37 2.92 2.59 2.09 2.92 1.81 1.49 1.87 2.16 2.37 2.38 2.83 2.57 2.32 1.02 1.51 1.46 1.62 2.88 2.95 2.85 2.37 2.31 2.67 2.21 1.63 2.92 1.96 2.09 2.56 2.29 1.79 2.13 2.91 1.63 3 2.24 1.75 2.09 1.95 2.33 1.29 1.96 2.37 2.66 1.22 2.54 2.23 1.2 1.79 2.65 1.39 1.72 1.98 2.07 1.69 2.23 2.05 1.68 2.15 2.7 2.91 2.34 2.84 1.38 2.44 2.39 1.32 1.47 2.25 2.1 1.83 1.28 1.56 2.88 1.67 2.29 1.43 2.94 1.76 2.77 2.15 2.01 2.2 1.47 2.96 2.83 2.72 2.67 2.78 1.04 1.51 1.26 1.82 2.26 1.31 1.4 1.51 1.41 1.74 1.35 1.65 1.52 2.67 1.1 1.86 2.44 2.28 1 2.19 2.89 1.95 2.95 2.26 1.05 1.64 2.41 1.17 2.07 2.36 1.12 2.09 1.84 1 2.71 1.96 2.15 2.46 2.65 1.3 2.22 2 1.6 1.4 1.14 2.54 2.91 2.04 2.87 2.68 1.18 1.63 2.01 1.7 1.56 2.72 2.79 2.99 1.64 1.6 2.11 2.21 2.23 1.37 1.75 2.63 3 2.99 1.17 2.76 2.35 1.77 1.4 2.93 2.85 1.99 2.96 2.56 2.73 2.9 1.46 2.37 2.31 2.97 1.01 2.93 1.42 2.97 1.25 2.43 1.37 2.19 2.41 2.95 1.59 2.8 1.59 1.45 1.08 1.64 1.55 1.59 2.93 1.97 2.39 2.23 2.95 2.8 1.84 2.95 1.69 2.32 2.51 1.8 2.9 2.34 1.53 2.39 2.48 1.66 1.45 1.21 2.93 1.83 1.33 2.2 1.73 1.81 1.16 1.42 2.96 1.55 2.36 1.19 1.65 2.02 1.78 2.63 2.5 2.27 1.68 2.71 1.93 2.95 1.26 2.52 2.35 2.95 2.18 2.02 1.49 2.31 1.37 1.65 2.45 2.44 2.32 2.54 2.25 2.62 1.21 1.49 1.62 1.41 1.78 1.05 2.89 2.95 1.03 1.87 1.24 1.85 1.42 1.97 2.46 2.78 2.05 2.96 1.17 2.99 2.68 2.7 2.34 1.55 2.12 2.96 1.12 1.07 1.74 1.56 1.82 2.58 1.55 1.74 2.95 2.96 1 1.56 2.01 2.83 2.77 2.74 1.94 1.92 2.91 1.95 1.37 2.51 2.12 2.72 2.82 1.63 1.63 2.33 1.79 2.84 1.7 1.34 1.24 1.51 1.01 1.98 1.96 2.01 2.89 1.1 2.01 2.77 2.1 1.99 1.29 2.71 2.4 2.99 2.29 2.04 1.05 2.72 1.82 1.93 1.75 2.2 1.69 1.12 2.68 1.7 1.74 2.77 1.08 2.05 1.99 2.84 2.53 1.33 1.22 2.19 1.11 1.6 2.67 2.63 2.32 2.75 2.16 2.63 2.56 1.27 2.99 2.48 1.78 1.32 1.86 1.93 2.21 2.95 1.39 2.52 2.53 2.69 1.07 2.96 2.4 1.4 1.54 2.83 1.7 2.29 1.28 1.45 2.9 2.19 1.99 1.16 1.71 1.24 2.87 1.67 2.74 1.42 1.73 2.79 2 2 2.61 2.26 1.81 1.44 2.3 2.14 2.81 2.26 1.56 1.92 2.57 2.57 1.19 2.55 2.92 2.49 2.72 1.08 2.07 2.98 1.84 2.12 1.5 1.83 2.8 1.92 1.47 2.21 1.25 1.39 1.56 1.81 2.08 1.76 1.76 1.19 1.84 1.06 2.12 2.18 2.01 1.19 1.7 1.83 1.03 1.84 1.63 2.46 1.05 1.4 1.4 2.81 1.25 2.08 1.78 1.83 2.32 2.37 2.24 1.26 1.29 1.66 1.44 2.93 1.46 2.23 2.39 2.65 2.54 1.55 2.2 1.38 2.37 1.3 2.79 2.42 2.44 1.68 2.14 1.93 2.9 1.71 2.69 1.8 2.13 2.82 1.75 1.69 2.71 1.1 1.64 1.43 2.56 2.06 1.5 2.4 2.74 2.5 1 1.39 1.89 2.69 1.66 1.74 1.41 1.91 1.84 2.61 1.46 2.05 1.96 1.42 1.93 2.31 2.65 2.86 1.49 2.99 1.59 2.75 2.32 1.2 1.14 2.46 2.73 2.04 2.66 2.36 1.11 2.32 1.78 1.82 2.3 2.79 2.13 2.08 2.99 1.5 1.89 1.61 1.47 1.76 1.42 2.64 2.65 2.56 1.11 2.1 1.3 2.29 2.39 1.38 2.55 2.73 1.29 1.02 2.53 2.03 2.81 1.97 2.54 2.54 2.12 1.53 1.22 2.93 2.26 2.31 1.89 1.7 3 1.73 2.57 2.87 1.94 2.17 2.63 2.73 2.86 2.37 2.5 1.34 2.31 2.94 1.63 2.69 1.61 2.92 1.72 1.44 2.83 1.3 2.28 2.95 2.2 2.94 1.18 1.36 1.79 1.32 2.06 2.99 2.19 2.11 1.97 2.21 1.96 1.63 2.52 2.09 1.62 1.78 1.07 1.92 2.56 1.78 1.02 1.18 2.66 2.88 2.95 2.75 2.68 1.56 2.27 2.38 1.33 1.59 1.6 1.18 1.26 2.92 2.23 2.97 1.44 1.05 1.99 1.8 2.83 1.64 1.91 1.03 2.21 1.29 1.95 2.65 1.19 1.31 2.98 1.24 1.88 2.65 2.02 1.34 1.16 2.78 1.67 2.64 1.83 1.93 2.97 2.71 2.38 1.99 2.32 2.18 1.88 1.82 1.73 2.51 3 1.87 1.38 2.8 2.38 2.87 1.11 1.21 1.46 1.92 2.93 2.98 1.95 1 1.52 1.66 2.31 2.11 2.54 2.47 2.93 1.51 2.71 1 1.78 2.45 1.13 2.2 1.41 2.66 1.46 2.3 1.83 2.86 2.5 1.74 2.95 1.54 1.56 2.31 1.48 2.93 1.11 1.43 2.24 1.61 1.31 1.16 2.94 1.68 2.01 1.81 2.87 2.78 1.29 2.34 1.16 1.13 2.54 1.55 1.12 2.82 2.41 2.11 1.7 2.28 1.82 1.12 1.68 1.29 1.23 1.6 2.35 2.79 2.9 2.59 1.37 1.33 1.98 2.27 2.93 2.6 2.15 1.35 1.01 1.27 2.28 1.79 1.11 1.89 1.32 1.8 1.03 2.49 2.8 1.87 2.09 2.76 1.05 1.29 1.32 1.11 1.06 1.8 2.29 2.77 2.67 1.61 2.85 1.82 1.29 2.38 1.27 2.99 2.07 2.95 1.61 1.43 2.01 1.63 1.33 1.67 1.36 1.59 2.22 2.99 1.77 2.5 1.37 1.83 2.68 1.51 1.65 1.03 1.05 2.62 2.44 1.26 1.72 2.49 1.19 1.85 2.03 2.02 1.82 2.01 1.84 1.43 1.9 2.82 2 1.03 2.47 2.28 1.5 2.37 2.59 2.5 1.57 1.93 2.92 2.28 2.3 2.2 1.48 2.04 2.2 2.65 2.97 1.7 2.4 2.31 1.94 1.18 1.75 2.51 1.5 1.68 2.5 2.56 2.22 1.91 2.72 2.16 2.16 2.61 1.62 2.74 1.33 2.3 1.47 1.14 1.15 1.58 2.59 2.53 2.57 2.06 2.39 1.66 2.98 2.38 2.05 1.16 1.59 2.54 1.35 2.4 2.15 1.28 2.22 1.15 1.8 2.17 1.63 2.24 1.04 2.51 2.46 2.26 2.3 2.67 1.63 2.02 1.46 2.41 1.04 2.89 1.7 2.17 2.61 2.26 2.63 2.73 1.02 2.03 1.71 1.66 2.38 1.01 2.71 2.77 2.07 1.07 2.9 2.17 1.18 1.39 2.78 2.91 1.89 1.5 2.69 2.77 1.31 1.52 2.27 2.36 2.25 2.51 2.65 2.36 2.86 2.22 1.11 1.08 2.67 1.01 2.8 1.33 1.68 2.84 1.11 1.4 2.14 1.06 2.9 1.28 2.86 2.8 2 1.64 2.8 2 2.4 2.94 2.67 1.55 2.99 2.14 1.91 1.81 2.21 1.61 2.08 2.18 2.56 2.89 1.31 1.13 2.42 1.26 2.92 1.29 2.25 1.15 1.45 2.97 1.94 2.12 1.16 2.71 2.46 1.52 2.97 2.33 2.48 2.35 2.92 1.06 2.01 1.29 2.5 2.05 2.09 1.9 2.27 1.82 2.1 2.41 2.27 2.54 1.02 2.21 2.78 2.84 2.02 1.29 2.19 1.61 1.41 2.11 1.46 2.22 2.69 2.53 1.33 2.05 1.01 1.28 2.32 2 2.69 2.44 1.61 1.47 1.19 2.23 2.36 1.82 1.92 1.04 1.93 2.2 2.2 1.94 1.01 2.91 1.29 1.9 1.41 2.76 1.51 1.77 2.3 1.62 2.39 1.43 1.57 1.7 1.01 2.96 2.08 1.27 1.52 1.21 1.93 1.49 1.16 2.6 2.3 1.87 1.2 1.23 1.54 2.23 2.48 1.18 2.36 1.89 1.97 2.01 1.17 1.19 1.53 2.63 1.08 2.02 2.21 2.2 2.69 2.86 2.48 1.71 2.38 2.83 1.82 2.25 2.97 2.38 2.82 2.02 1.08 2.66 2.02 2.25 1.54 1.64 1.39 1.72 2.45 1.27 2.98 1.87 2.62 2.82 1.81 1.13 2.33 1.61 1.84 1.61 2.43 2.04 2.45 2.65 2.51 1.58 2.03 1.12 1.32 1.4 1.99 2.47 2.66 1.85 1.57 2.55 1.28 2.54 1.42 2.2 2.09 1.4 2.27 2.48 1.8 2.36 1.58 2.78 1.48 1.59 1.82 1.59 1.66 2.87 2.92 2.12 2.58 1.52 1.55 2.51 2.58 2.96 1.41 2.97 2 2.16 1.97 1.49 1.02 1.94 2.16 2.46 2.92 1.82 2.66 2.07 1.84 1.67 1.09 2.12 1 2.1 1.95 1.01 2.26 1.87 2.99 1.34 1.87 1.51 2.82 2.05 1.4 2.22 2.87 1.5 1.06 1.23 2.46 1.38 2.13 1.95 2.04 1.23 1.75 2.92 2.07 1.68 2.81 1.55 1.69 2.59 2.39 2.44 2.78 1.74 3 2.63 2.62 2.59 2.58 1.55 1.16 2.31 1.28 1.61 1.16 1.01 2.85 1.8 1.05 1.64 2.93 1.55 2.69 2.21 2.16 2.12 1.45 1.46 1.73 1.79 1.6 2.69 2.05 2.66 1.99 2.66 1.71 1.66 2.88 1.03 1.93 2.54 1 2.92 2.82 2.44 2.01 1.57 1.23 1.5 1.05 2.62 2.78 2.89 2.56 2.18 2.98 1.83 2.67 2.56 2.85 1.22 2.09 1.95 1.43 2 2.28 1.58 1.29 2.54 1.79 2.97 2.11 2.38 1.82 2.47 1.69 2.95 2.25 2.18 1.31 1.04 2.49 1.69 2.07 2.99 1.21 2.89 1.87 1.54 2.6 1.05 1.11 1.65 1.47 2.85 1.11 2.66 1.19 1.39 1.61 1.85 2.34 1.64 2.41 2.03 1.89 2.68 2.4 2.45 1.59 2.74 2.94 2.11 2.59 1.25 2.06 1.88 1.2 1.1 1.57 1.68 1.23 2.04 2.63 1.82 1 2.9 2.48 1.78 1.48 2.05 1.42 1.09 2.63 1.3 2.97 1.49 2.73 2.08 2.57 1.31 2.91 2.36 1.14 1.38 1.47 2.69 1.12 2.67 2 2.55 1.79 1.61 1.36 1.76 2.56 1.67 1.01 2.56 1.99 1.62 2.79 2.35 2.59 2.93 1.59 1.17 1 1.57 2.67 2.31 2.8 2.82 1.86 2.97 1.83 2.54 2.3 2.32 2.64 1.38 2.15 1.93 1.21 1.85 2.97 1.21 2.99 1.89 2.72 1.36 1.15 1.27 1.69 2.13 1.95 2.8 1.3 1.53 2.74 2.31 1.18 2.03 2.63 1.24 1.34 1.58 2.03 2.23 1.27 1.54 2.86 1.05 1.23 1.05 1.61 1.8 2.94 2.59 2.93 2.38 2.38 1.78 2.38 2.99 1.95 2.35 1.38 1.3 2.84 1.64 1.42 2.57 2.56 2.85 2.74 1.93 1.03 2.2 1.69 2.22 1.44 2.7 1.21 1.84 1.69 2.65 1.61 1.89 1.11 2.97 2.53 1.88 1.3 1.33 1.15 1.88 2.11 2.81 1.68 2.05 2.15 1.65 1.26 2.34 2.3 1.35 2.64 1.19 1.8 1.8 1.71 1.1 1.02 1.2 1.98 2.71 1.09 2.42 1.02 1.58 2.48 2.5 2.89 2.19 1.82 2.48 2 2.2 1.86 2.45 2.73 1.57 2.28 2.91 1.43 2.5 2.81 1.16 2.95 2.34 1.34 2.41 2.18 2.66 1.16 1.42 2.48 1.7 2 1.18 2.55 1.24 2.94 2.28 2.06 2.19 1.14 2.75 2.26 1.14 1.89 1.06 1.35 1.38 1.29 1.61 2.19 1.02 1.37 2.95 1.21 1.61 2.51 2.98 1.93 1.48 1.99 2.67 1.16 1.95 1.87 2.65 1.82 2.38 1.3 2.45 1.11 1.63 1.54 2.66 2.51 2.8 1.85 1.56 1.38 2.07 2.22 2.99 2.74 2.84 2.56 2.27 2.12 2.43 1 1.56 1.01 1.28 2.69 1.38 1.22 1.51 1.3 1.53 1.65 1.36 1.58 2.14 2.22 1.36 2.32 1.63 2.18 2.43 2.34 1.85 1.62 1.2 1.01 1.34 1.24 1.88 1.61 1.82 1.17 1 1.64 1.06 2.38 2.78 1.37 2.9 1.12 1.35 1.77 1.65 1.69 1.66 2.6 1.4 2.41 1.17 1.75 2.23 1.74 2.2 1.04 2.75 1.98 1.36 2.77 1.92 2.99 1.05 1.08 1.18 3 2.72 2.22 1.6 2.01 1.63 1.25 1.65 2.14 1.67 1.83 1.71 2.74 1.74 2.31 1.48 1.76 1.85 1.15 1.88 2.6 1.29 2.61 2.13 1.25 2.01 1.49 2.9 2.19 2.37 2.23 2.93 1.18 1.8 1.44 2.07 2.8 2.53 2.44 2.89 2.63 1.39 2.94 1.43 2.39 2.96 1.58 2.36 1.39 1.19 2.75 1.2 1.3 1.88 2.73 2.88 1.31 1.83 2.17 1.53 2 2.64 1.58 2.79 2.27 1.64 1.2 2.55 2.74 1.15 2.12 1.08 1.92 2.62 1.75 1.59 1.43 1.78 2.32 1.29 1.39 2.05 1.78 1.57 1.3 1.18 1.95 2.85 2.97 2.3 2.91 2.17 2.71 1.88 2.46 1.24 1.96 2.51 2.17 1.92 2.83 2.15 2.37 1.58 2.39 2.48 1.7 1.97 1.53 1.68 1.44 2.31 2.84 2.26 2.64 1.49 1.01 1.36 2.07 2.98 2.06 1.99 2.75 1.93 1.43 1.03 1.29 2.08 2.73 1.7 2.18 2.31 1.04 1.28 2.43 2.76 1.35 2.92 1.31 1.21 1.47 1.06 2.81 2.51 1.85 2.56 2.48 2.55 1.93 1.55 1.62 1.03 1.41 2.52 1.58 1.14 2.49 1.98 1.46 1.76 2.22 1.57 1.96 2.62 2.31 1.16 2.38 1.95 1.12 1.11 2.18 1.16 2.98 1.31 1.39 2.12 1.5 2.8 1.66 1.15 2.48 2.02 2.26 1.95 2.95 2.33 2.57 1.02 1.03 1.68 1.39 2.04 1.01 1.38 1.34 2.91 2.59 1.5 1.45 1.6 1.08 1 2.79 2.56 2.67 2.93 1.04 2.21 1.84 1.72 1.47 2.84 2.19 1.89 2.73 1.58 1.38 1.11 1.65 1.82 1.32 2.08 2.5 1.42 2.73 1.45 1.09 2.12 2.84 2.95 1.72 2.99 1.5 1.73 2.66 1.07 2.31 1.36 2.7 2.85 2.01 1.27 2.11 2.1 1.53 1.37 2.62 2.82 2.67 1.33 1.93 2.78 2.53 2.1 1.16 1.65 1.91 1.1 1.01 2.33 1.08 1.26 2.39 2.51 1.85 1.33 2.35 1.51 2.59 2.97 2.23 1.23 2.12 2.14 2.95 2.43 1.91 1.65 2.57 1.57 1.58 2.54 1.39 2.15 2.86 1.67 2.82 1.24 2.14 2.63 1.8 2.43 2.2 1.05 1.56 1.63 2.34 2.89 1.32 1.61 1.27 1.22 2.59 1.45 1.18 2.12 2.14 2.34 1.82 2.95 2.28 2.58 2 1.37 1.04 1.14 1.56 1.76 1.83 1.84 2.09 1.35 1.26 2.45 2.25 2.05 2.44 2.56 2.35 2.4 2.18 2.1 1.09 2.58 1.56 2.62 1.32 2.16 1.11 1.25 2.73 2.33 2.4 1.84 2.73 1.34 2.99 2.06 2.87 2.22 1.57 2.07 1.24 1.55 2.22 1.42 2.14 2.94 1.18 2.81 2.25 2.94 2.44 2.79 1.66 2.46 2.18 2.85 1.67 1.9 2 1.78 1.09 2.06 2.52 2.15 1.61 1.02 2.16 2.15 1.94 2.09 2.54 1.61 2.25 2.63 2.44 1.32 1.85 1.33 2.9 2.69 1.36 2.6 2.56 2.29 1.82 1.26 2.3 1.29 2.26 2.28 2.18 1.3 2.35 1.37 1.32 
