50 1225
4.73 6.84 9.11
36346.5
9 49 28 2 50 71 6 27 64 25 86 96 9 78 36 48 30 15 66 18 48 57 15 2 7 44 97 12 27 39 86 47 11 61 61 18 20 43 94 97 46 47 6 18 84 32 43 49 66 47 
0 6.16 11.58 18.87 28.86 17.29 4.11 24.13 9.96 23.21 10.31 10.23 28.65 27.49 9.71 17.05 3.3 4.58 8.33 11.41 0.77 17.07 15.38 20.53 11.16 21.13 9.11 4.3 11.94 17.27 19.11 20.49 18.46 22.63 8.93 17.59 18.91 19.24 5.92 20.24 21.37 25.29 16.26 23.32 16.64 5.87 8.81 17.76 8.85 22.24 
6.16 0 11.59 14.55 22.69 11.34 10.15 19.04 3.87 19.76 6.04 12.29 22.49 21.54 4.4 14.15 7.55 6.72 6.38 5.91 5.8 15.67 9.3 14.52 10.18 18.21 9.12 2.59 11.9 11.14 13.11 14.44 16.04 16.47 3.99 12.66 13.77 14.8 11.83 16.56 16.08 19.54 10.92 17.19 11.67 11.62 7.07 16.48 7.23 17.35 
11.58 11.59 0 25.71 28.35 20.26 14.28 17.87 12.26 13.67 8.04 3.87 28.22 24.19 10 7.72 14.88 7.01 5.37 16.72 12.11 5.83 15.28 22.75 2.02 11.07 19.75 9.74 0.36 17.22 21.57 22.42 8.12 22.1 9.36 12.32 24.23 12.28 12.24 11.52 16.2 21.2 12.63 24.01 22.48 11.56 18.33 6.39 18.45 15.74 
18.87 14.55 25.71 0 17.9 8.36 21.4 24.52 13.61 29.32 18.21 26.83 17.65 21.61 15.97 25.57 17.62 21.16 20.34 8.99 18.15 28.52 13.67 9.53 23.99 28.91 12.13 17.01 25.98 13.29 9 10.05 27.75 14.79 16.45 20.61 3.44 23.33 24.64 26.26 21.61 21.7 18.33 13.01 3.52 24.69 10.56 29.34 10.62 23.95 
28.86 22.69 28.35 17.9 0 12.31 32.76 14.94 19.01 22.82 21.02 31.45 0.26 7.22 20.07 23.2 29.62 28.19 24.45 18.29 28.44 27.42 13.84 9.26 26.35 24.17 26.98 24.9 28.42 11.8 10.53 9.01 24.97 6.41 20.97 16.66 14.67 18.23 34.41 21.17 13.97 9.83 15.77 5.72 16.25 34.11 24.38 28.04 24.55 16.07 
17.29 11.34 20.26 8.36 12.31 0 20.94 16.17 8.39 21.31 12.22 22.38 12.08 13.98 10.35 18.3 17.56 17.73 15.21 6.1 16.77 21.78 5.82 3.27 18.31 21.21 14.69 13.84 20.46 4.99 1.86 3.34 20.48 7.25 11.13 12.64 5.23 15.32 23.13 18.39 13.27 13.57 10.45 6.6 5.18 22.95 12.07 22.58 12.24 15.65 
4.11 10.15 14.28 21.4 32.76 20.94 0 28.17 14 26.82 14.33 11.95 32.54 31.58 13.82 20.59 3.78 7.62 12.04 14.9 4.35 20.04 19.43 24.2 14.31 24.59 10.08 8.4 14.63 21.28 22.78 24.21 21.8 26.6 13.04 21.63 21.95 23.17 3.97 23.96 25.45 29.4 20.35 27.16 19.63 4.41 10.86 20.66 10.82 26.25 
24.13 19.04 17.87 24.52 14.94 16.17 28.17 0 15.59 8.03 13.83 21.67 14.96 8.21 14.69 10.58 26.43 21.2 16.51 18.66 24.11 14.58 11.56 15.9 16.26 9.89 27.26 19.91 17.76 11.3 15.82 15.31 11.61 11.32 15.32 6.54 21.31 5.59 28.06 7.28 3.12 5.14 8.13 14.06 21.24 27.53 24.62 14.96 24.81 2.13 
9.96 3.87 12.26 13.61 19.01 8.39 14 15.59 0 17.41 4.62 14.03 18.82 17.66 2.36 12.5 11.38 9.44 6.98 4.73 9.64 14.99 5.43 11.34 10.44 16.3 11.77 5.89 12.5 7.32 9.99 11.17 14.61 12.71 2.9 9.49 11.97 11.93 15.4 14.17 12.54 15.72 7.49 13.64 10.27 15.11 9.23 15.82 9.43 14.07 
23.21 19.76 13.67 29.32 22.82 21.31 26.82 8.03 17.41 0 13.72 17.46 22.81 16.23 15.57 6.25 26.15 19.23 14.88 21.69 23.46 8.57 15.65 22.04 12.8 2.76 28.83 19.58 13.43 16.39 21.55 21.48 5.63 18.36 15.79 8.71 26.51 5.99 25.6 3.24 9.11 13.13 10.99 21.06 25.82 24.96 26.51 8.58 26.69 6.77 
10.31 6.04 8.04 18.21 21.02 12.22 14.33 13.83 4.62 13.72 0 10.54 20.86 18.04 2.27 8.2 12.8 7.69 3.44 9.35 10.34 10.38 7.4 14.74 6.09 12.2 15.15 6.17 8.23 9.43 13.54 14.43 10.2 14.63 2.13 7.29 16.39 9.02 14.5 10.53 11.17 15.48 6.22 16.24 14.82 14.04 12.94 11.21 13.12 11.94 
10.23 12.29 3.87 26.83 31.45 22.38 11.95 21.67 14.03 17.46 10.54 0 31.31 27.72 12.06 11.58 13.45 6.04 7.22 18 10.91 9.24 17.94 25.14 5.45 14.8 19.16 9.93 4.06 19.97 23.86 24.87 11.84 25.1 11.25 15.91 25.8 16.08 9.17 15.38 19.87 24.8 15.94 26.79 23.84 8.48 18.25 9.63 18.34 19.54 
28.65 22.49 28.22 17.65 0.26 12.08 32.54 14.96 18.82 22.81 20.86 31.31 0 7.3 19.89 23.13 29.4 28.02 24.29 18.06 28.24 27.34 13.66 9.01 26.22 24.14 26.73 24.71 28.29 11.62 10.28 8.77 24.91 6.24 20.8 16.58 14.41 18.18 34.22 21.13 13.93 9.86 15.65 5.49 16 33.92 24.13 27.97 24.3 16.06 
27.49 21.54 24.19 21.61 7.22 13.98 31.58 8.21 17.66 16.23 18.04 27.72 7.3 0 17.87 17.85 29.02 25.71 21.35 18.79 27.25 22.07 12.3 12.09 22.32 17.97 27.97 23.23 24.18 10.74 12.74 11.57 19.3 6.84 18.72 11.88 18.17 12.61 32.43 15.13 8.22 3.21 11.92 8.84 19 32.01 25.23 22.57 25.42 9.76 
9.71 4.4 10 15.97 20.07 10.35 13.82 14.69 2.36 15.57 2.27 12.06 19.89 17.87 0 10.34 11.75 8.13 4.86 7.08 9.57 12.65 6.23 13.09 8.14 14.25 13.29 5.41 10.23 8.28 11.81 12.84 12.39 13.67 0.9 8.27 14.25 10.42 14.61 12.33 11.79 15.59 6.63 14.98 12.61 14.23 10.94 13.48 11.13 12.96 
17.05 14.15 7.72 25.57 23.2 18.3 20.59 10.58 12.5 6.25 8.2 11.58 23.13 17.85 10.34 0 20.07 12.99 8.74 17.14 17.33 4.24 12.5 19.88 6.6 4.12 23.26 13.61 7.54 13.9 19.04 19.41 2.19 17.56 10.33 6.6 23.21 5.25 19.37 3.8 9.63 14.68 8.16 19.97 22.06 18.74 21.13 4.83 21.31 8.5 
3.3 7.55 14.88 17.62 29.62 17.56 3.78 26.43 11.38 26.15 12.8 13.45 29.4 29.02 11.75 20.07 0 7.88 11.34 11.47 2.79 20.31 16.73 20.83 14.39 24.18 6.51 6.65 15.24 18.45 19.42 20.88 21.58 23.62 11.11 19.94 18.25 21.82 7.36 23.09 23.54 27.08 18.37 23.95 15.92 7.61 7.08 21.01 7.04 24.64 
4.58 6.72 7.01 21.16 28.19 17.73 7.62 21.2 9.44 19.23 7.69 6.04 28.02 25.71 8.13 12.99 7.88 0 4.7 12.63 5.14 12.57 14.36 20.78 6.73 16.97 13.16 4.16 7.37 16.4 19.41 20.61 14.18 21.8 7.23 14.75 20.49 15.93 6.87 16.44 18.74 23.17 13.91 23.01 18.39 6.36 12.21 13.24 12.3 19.18 
8.33 6.38 5.37 20.34 24.45 15.21 12.04 16.51 6.98 14.88 3.44 7.22 24.29 21.35 4.86 8.74 11.34 4.7 0 11.35 8.6 9.42 10.77 17.93 3.8 12.84 15.1 5.06 5.65 12.82 16.66 17.66 10.28 18.06 4.11 10.09 18.93 11.24 11.55 11.93 14.11 18.67 9.44 19.62 17.13 11.02 13.36 10.21 13.5 14.49 
11.41 5.91 16.72 8.99 18.29 6.1 14.9 18.66 4.73 21.69 9.35 18 18.06 18.79 7.08 17.14 11.47 12.63 11.35 0 10.83 19.72 7.15 9.36 15 20.81 9.18 8.49 16.99 8.13 7.95 9.43 19.27 12.63 7.48 13.28 7.87 15.92 17.32 18.48 15.54 17.57 11.04 12.58 5.84 17.2 6.44 20.55 6.63 17.48 
0.77 5.8 12.11 18.15 28.44 16.77 4.35 24.11 9.64 23.46 10.34 10.91 28.24 27.25 9.57 17.33 2.79 5.14 8.6 10.83 0 17.51 15.08 20.02 11.59 21.43 8.36 4.21 12.48 16.93 18.6 20 18.81 22.26 8.84 17.59 18.25 19.32 6.57 20.44 21.31 25.12 16.17 22.88 15.97 6.56 8.05 18.22 8.08 22.26 
17.07 15.67 5.83 28.52 27.42 21.78 20.04 14.58 14.99 8.57 10.38 9.24 27.34 22.07 12.65 4.24 20.31 12.57 9.42 19.72 17.51 0 16.11 23.65 5.93 5.81 24.52 14.45 5.5 17.7 22.7 23.21 3.08 21.68 12.36 10.77 26.44 9.46 18.06 7.38 13.86 18.88 12.11 24.02 25.07 17.38 22.73 0.83 22.88 12.57 
15.38 9.3 15.28 13.67 13.84 5.82 19.43 11.56 5.43 15.65 7.4 17.94 13.66 12.3 6.23 12.5 16.73 14.36 10.77 7.15 15.08 16.11 0 7.6 13.27 15.41 16.1 11.23 15.42 2.05 6.6 7.21 14.67 7.44 7.13 6.94 10.91 9.66 20.69 12.64 8.46 10.61 4.69 8.85 10.19 20.35 13.38 16.89 13.58 10.56 
20.53 14.52 22.75 9.53 9.26 3.27 24.2 15.9 11.34 22.04 14.74 25.14 9.01 12.09 13.09 19.88 20.83 20.78 17.93 9.36 20.02 23.65 7.6 0 20.76 22.34 17.74 16.99 22.92 5.98 1.42 0.59 22.01 5.29 13.93 13.68 6.09 16.2 26.34 19.37 13.33 12.39 11.74 3.69 7.17 26.14 15.17 24.42 15.34 15.81 
11.16 10.18 2.02 23.99 26.35 18.31 14.31 16.26 10.44 12.8 6.09 5.45 26.22 22.32 8.14 6.6 14.39 6.73 3.8 15 11.59 5.93 13.27 20.76 0 10.38 18.74 8.64 2.16 15.21 19.59 20.43 7.51 20.09 7.56 10.47 22.39 10.68 12.79 10.32 14.42 19.36 10.66 21.99 20.7 12.15 17.12 6.65 17.25 14.13 
21.13 18.21 11.07 28.91 24.17 21.21 24.59 9.89 16.3 2.76 12.2 14.8 24.14 17.97 14.25 4.12 24.18 16.97 12.84 20.81 21.43 5.81 15.41 22.34 10.38 0 27.33 17.73 10.81 16.47 21.68 21.81 2.96 19.19 14.33 8.66 26.31 6.22 23.14 3.06 10.21 14.79 10.76 21.81 25.39 22.49 25.14 5.82 25.32 8.22 
9.11 9.12 19.75 12.13 26.98 14.69 10.08 27.26 11.77 28.83 15.15 19.16 26.73 27.97 13.29 23.26 6.51 13.16 15.1 9.18 8.36 24.52 16.1 17.74 18.74 27.33 0 10.1 20.1 17.28 16.45 17.96 25.12 21.69 13.04 21.26 13.64 23.63 13.86 25.61 24.17 26.67 19.23 21.28 11.41 14.12 2.74 25.3 2.55 25.82 
4.3 2.59 9.74 17.01 24.9 13.84 8.4 19.91 5.89 19.58 6.17 9.93 24.71 23.23 5.41 13.61 6.65 4.16 5.06 8.49 4.21 14.45 11.23 16.99 8.64 17.73 10.1 0 10.08 13.18 15.59 16.87 15.29 18.59 4.64 13.39 16.35 15.19 9.51 16.48 17.11 21 11.98 19.5 14.23 9.23 8.59 15.22 8.71 18.07 
11.94 11.9 0.36 25.98 28.42 20.46 14.63 17.76 12.5 13.43 8.23 4.06 28.29 24.18 10.23 7.54 15.24 7.37 5.65 16.99 12.48 5.5 15.42 22.92 2.16 10.81 20.1 10.08 0 17.35 21.75 22.58 7.85 22.19 9.6 12.3 24.47 12.18 12.55 11.33 16.15 21.16 12.67 24.12 22.74 11.88 18.67 6.05 18.79 15.63 
17.27 11.14 17.22 13.29 11.8 4.99 21.28 11.3 7.32 16.39 9.43 19.97 11.62 10.74 8.28 13.9 18.45 16.4 12.82 8.13 16.93 17.7 2.05 5.98 15.21 16.47 17.28 13.18 17.35 0 5.22 5.51 16.04 5.42 9.18 7.81 10.22 10.44 22.67 13.56 8.33 9.46 5.78 6.82 9.94 22.35 14.54 18.46 14.74 10.67 
19.11 13.11 21.57 9 10.53 1.86 22.78 15.82 9.99 21.55 13.54 23.86 10.28 12.74 11.81 19.04 19.42 19.41 16.66 7.95 18.6 22.7 6.6 1.42 19.59 21.68 16.45 15.59 21.75 5.22 0 1.51 21.19 5.9 12.63 13.03 5.61 15.63 24.93 18.77 13.08 12.7 10.98 4.84 6.27 24.73 13.86 23.48 14.02 15.54 
20.49 14.44 22.42 10.05 9.01 3.34 24.21 15.31 11.17 21.48 14.43 24.87 8.77 11.57 12.84 19.41 20.88 20.61 17.66 9.43 20 23.21 7.21 0.59 20.43 21.81 17.96 16.87 22.58 5.51 1.51 0 21.53 4.75 13.69 13.17 6.61 15.66 26.27 18.84 12.75 11.82 11.26 3.35 7.59 26.06 15.37 23.97 15.54 15.24 
18.46 16.04 8.12 27.75 24.97 20.48 21.8 11.61 14.61 5.63 10.2 11.84 24.91 19.3 12.39 2.19 21.58 14.18 10.28 19.27 18.81 3.08 14.67 22.01 7.51 2.96 25.12 15.29 7.85 16.04 21.19 21.53 0 19.5 12.32 8.55 25.4 6.77 20.23 4.35 11.16 16.09 10.27 21.98 24.25 19.57 23.07 3.35 23.24 9.66 
22.63 16.47 22.1 14.79 6.41 7.25 26.6 11.32 12.71 18.36 14.63 25.1 6.24 6.84 13.67 17.56 23.62 21.8 18.06 12.63 22.26 21.68 7.44 5.29 20.09 19.19 21.69 18.59 22.19 5.42 5.9 4.75 19.5 0 14.57 10.96 11.35 13 28.09 16.14 9.26 7.23 9.68 2.75 12.17 27.77 18.99 22.36 19.17 11.71 
8.93 3.99 9.36 16.45 20.97 11.13 13.04 15.32 2.9 15.79 2.13 11.25 20.8 18.72 0.9 10.33 11.11 7.23 4.11 7.48 8.84 12.36 7.13 13.93 7.56 14.33 13.04 4.64 9.6 9.18 12.63 13.69 12.32 14.57 0 8.84 14.87 10.85 13.74 12.58 12.48 16.39 7.34 15.87 13.14 13.35 10.81 13.19 10.99 13.54 
17.59 12.66 12.32 20.61 16.66 12.64 21.63 6.54 9.49 8.71 7.29 15.91 16.58 11.88 8.27 6.6 19.94 14.75 10.09 13.28 17.59 10.77 6.94 13.68 10.47 8.66 21.26 13.39 12.3 7.81 13.03 13.17 8.55 10.96 8.84 0 17.82 2.73 21.62 5.75 4.04 8.89 2.3 13.42 17.11 21.1 18.72 11.42 18.91 4.7 
18.91 13.77 24.23 3.44 14.67 5.23 21.95 21.31 11.97 26.51 16.39 25.8 14.41 18.17 14.25 23.21 18.25 20.49 18.93 7.87 18.25 26.44 10.91 6.09 22.39 26.31 13.64 16.35 24.47 10.22 5.61 6.61 25.4 11.35 14.87 17.82 0 20.52 24.82 23.54 18.47 18.31 15.59 9.6 2.33 24.78 11.53 27.26 11.64 20.86 
19.24 14.8 12.28 23.33 18.23 15.32 23.17 5.59 11.93 5.99 9.02 16.08 18.18 12.61 10.42 5.25 21.82 15.93 11.24 15.92 19.32 9.46 9.66 16.2 10.68 6.22 23.63 15.19 12.18 10.44 15.63 15.66 6.77 13 10.85 2.73 20.52 0 22.74 3.18 4.41 9.43 5.02 15.6 19.84 22.17 21.16 9.97 21.35 3.46 
5.92 11.83 12.24 24.64 34.41 23.13 3.97 28.06 15.4 25.6 14.5 9.17 34.22 32.43 14.61 19.37 7.36 6.87 11.55 17.32 6.57 18.06 20.69 26.34 12.79 23.14 13.86 9.51 12.55 22.67 24.93 26.27 20.23 28.09 13.74 21.62 24.82 22.74 0 23 25.6 29.97 20.72 28.99 22.53 0.69 14.28 18.56 14.27 26.03 
20.24 16.56 11.52 26.26 21.17 18.39 23.96 7.28 14.17 3.24 10.53 15.38 21.13 15.13 12.33 3.8 23.09 16.44 11.93 18.48 20.44 7.38 12.64 19.37 10.32 3.06 25.61 16.48 11.33 13.56 18.77 18.84 4.35 16.14 12.58 5.75 23.54 3.18 23 0 7.2 11.93 7.95 18.76 22.75 22.38 23.27 7.7 23.45 5.39 
21.37 16.08 16.2 21.61 13.97 13.27 25.45 3.12 12.54 9.11 11.17 19.87 13.93 8.22 11.79 9.63 23.54 18.74 14.11 15.54 21.31 13.86 8.46 13.33 14.42 10.21 24.17 17.11 16.15 8.33 13.08 12.75 11.16 9.26 12.48 4.04 18.47 4.41 25.6 7.2 0 5.07 5.16 11.99 18.26 25.1 21.51 14.38 21.71 2.49 
25.29 19.54 21.2 21.7 9.83 13.57 29.4 5.14 15.72 13.13 15.48 24.8 9.86 3.21 15.59 14.68 27.08 23.17 18.67 17.57 25.12 18.88 10.61 12.39 19.36 14.79 26.67 21 21.16 9.46 12.7 11.82 16.09 7.23 16.39 8.89 18.31 9.43 29.97 11.93 5.07 0 9.26 9.79 18.75 29.51 23.94 19.37 24.13 6.57 
16.26 10.92 12.63 18.33 15.77 10.45 20.35 8.13 7.49 10.99 6.22 15.94 15.65 11.92 6.63 8.16 18.37 13.91 9.44 11.04 16.17 12.11 4.69 11.74 10.66 10.76 19.23 11.98 12.67 5.78 10.98 11.26 10.27 9.68 7.34 2.3 15.59 5.02 20.72 7.95 5.16 9.26 0 11.92 14.83 20.26 16.64 12.83 16.83 6.59 
23.32 17.19 24.01 13.01 5.72 6.6 27.16 14.06 13.64 21.06 16.24 26.79 5.49 8.84 14.98 19.97 23.95 23.01 19.62 12.58 22.88 24.02 8.85 3.69 21.99 21.81 21.28 19.5 24.12 6.82 4.84 3.35 21.98 2.75 15.87 13.42 9.6 15.6 28.99 18.76 11.99 9.79 11.92 0 10.85 28.73 18.66 24.72 18.83 14.44 
16.64 11.67 22.48 3.52 16.25 5.18 19.63 21.24 10.27 25.82 14.82 23.84 16 19 12.61 22.06 15.92 18.39 17.13 5.84 15.97 25.07 10.19 7.17 20.7 25.39 11.41 14.23 22.74 9.94 6.27 7.59 24.25 12.17 13.14 17.11 2.33 19.84 22.53 22.75 18.26 18.75 14.83 10.85 0 22.51 9.22 25.89 9.34 20.57 
5.87 11.62 11.56 24.69 34.11 22.95 4.41 27.53 15.11 24.96 14.04 8.48 33.92 32.01 14.23 18.74 7.61 6.36 11.02 17.2 6.56 17.38 20.35 26.14 12.15 22.49 14.12 9.23 11.88 22.35 24.73 26.06 19.57 27.77 13.35 21.1 24.78 22.17 0.69 22.38 25.1 29.51 20.26 28.73 22.51 0 14.41 17.88 14.42 25.48 
8.81 7.07 18.33 10.56 24.38 12.07 10.86 24.62 9.23 26.51 12.94 18.25 24.13 25.23 10.94 21.13 7.08 12.21 13.36 6.44 8.05 22.73 13.38 15.17 17.12 25.14 2.74 8.59 18.67 14.54 13.86 15.37 23.07 18.99 10.81 18.72 11.53 21.16 14.28 23.27 21.51 23.94 16.64 18.66 9.22 14.41 0 23.53 0.2 23.22 
17.76 16.48 6.39 29.34 28.04 22.58 20.66 14.96 15.82 8.58 11.21 9.63 27.97 22.57 13.48 4.83 21.01 13.24 10.21 20.55 18.22 0.83 16.89 24.42 6.65 5.82 25.3 15.22 6.05 18.46 23.48 23.97 3.35 22.36 13.19 11.42 27.26 9.97 18.56 7.7 14.38 19.37 12.83 24.72 25.89 17.88 23.53 0 23.68 12.99 
8.85 7.23 18.45 10.62 24.55 12.24 10.82 24.81 9.43 26.69 13.12 18.34 24.3 25.42 11.13 21.31 7.04 12.3 13.5 6.63 8.08 22.88 13.58 15.34 17.25 25.32 2.55 8.71 18.79 14.74 14.02 15.54 23.24 19.17 10.99 18.91 11.64 21.35 14.27 23.45 21.71 24.13 16.83 18.83 9.34 14.42 0.2 23.68 0 23.42 
22.24 17.35 15.74 23.95 16.07 15.65 26.25 2.13 14.07 6.77 11.94 19.54 16.06 9.76 12.96 8.5 24.64 19.18 14.49 17.48 22.26 12.57 10.56 15.81 14.13 8.22 25.82 18.07 15.63 10.67 15.54 15.24 9.66 11.71 13.54 4.7 20.86 3.46 26.03 5.39 2.49 6.57 6.59 14.44 20.57 25.48 23.22 12.99 23.42 0 
3.54 16.85 17.14 31.98 12.09 5.68 19.02 7.39 33.02 13.16 11.29 15.47 36.18 13.73 9.64 2.18 2.83 11 15.32 0.48 18.66 8.26 20.25 7.25 21.76 4.66 6.37 13.24 23.19 11.86 29.1 20.48 18.51 11.76 23.04 22.71 28.33 8.25 20.05 25.81 26.44 22.46 27.73 19.72 3.58 9.43 21.25 4.45 29.15 13.31 9.69 23.85 13.94 9.92 10.29 2.21 27.06 8.96 13.55 25.17 16.68 5.19 16.28 4.8 5.11 8.32 7.68 3.86 20.15 10.22 20.43 12.01 26.09 10.92 2.91 6.47 11.42 15.03 8.2 9.39 22.49 4.2 14.3 11.23 16.25 15.91 23.05 12.05 23.4 7.43 20.4 16 12.57 6.73 12.63 5.14 14.77 37.09 31.35 11.27 9.29 19.44 16.29 17.48 9.3 3.38 35.54 19.27 11.97 10.48 16.29 4.57 7.94 21.86 14.66 7.13 22.31 33.62 2.19 11.62 26.39 4.87 0.48 22.31 24.82 20.25 7.58 29.4 9.7 15.5 35.3 17.58 7.04 16.69 8.86 13.2 16.3 25.5 32.61 7.24 23.08 5.84 12.82 14.91 15.15 5.77 19.02 26.49 7.82 20.92 11.86 22.58 19.55 18.24 10.51 21.1 24.06 31.63 16.67 8.87 13.84 22.14 7.96 12.84 13.67 22.21 16.41 14.13 36.52 12.12 9.46 12.2 23.5 7.85 12.87 25.02 4.02 34.4 15.84 18.23 25.98 19.31 11.75 12.95 4.7 27.47 7.93 40.82 6.49 16.51 13.4 22.11 14.6 9.92 27.59 18.1 20.27 0.3 3.88 20.51 13.33 31.81 25.74 30.34 20.04 40.37 34.94 9.65 5.91 37.88 35.05 23.51 14.98 38.22 12.89 9.26 12.06 30.11 4.62 19.4 21.18 13.95 16.54 30.59 23.89 7.28 5.57 16.23 7.49 18.49 47.42 19.89 38.4 17.15 22.37 18.63 10.34 10.85 12.5 13.94 21.41 10.31 11.05 9.51 9.76 16.09 9.67 20.73 5.75 8.79 25.52 5 4.03 22.72 19.98 9.16 16.1 26.56 6.91 2.62 1.91 17.68 5.1 14.82 10.91 7.51 20.52 19.45 11.27 18.13 8.62 8.25 8.71 7.76 14.72 7.75 28.38 11.54 16.31 22.96 20.55 25.97 17.28 13.43 28.56 32.32 18.77 28.24 2 6.7 10.7 15.69 4.11 18.03 14.94 28.75 8.97 35.33 11.19 10.73 9.53 28.71 19.04 33.56 31.04 17.21 19.32 29.19 11.67 29.22 4.46 26.49 18.78 27.59 29.03 31.29 21.45 5.56 8.93 23.31 12.67 20.72 12.62 4.2 19.88 28.92 20.59 4.14 10.77 14.3 14.74 18.65 14.69 27.18 26.64 17.14 16.96 17.09 20.98 8.37 16.85 24.09 14.74 6.81 17 20.44 10.9 9.9 19.34 9.26 10.67 7.76 15.14 7.67 4.29 4.49 4.54 10.64 17.37 24.77 18.59 19.9 25.68 1.77 16.75 6.47 12.05 16.99 20.26 2.5 6.81 16.38 12.04 4.37 3.33 11.34 19.48 3.03 15.25 7.55 20.72 17.09 6.24 14.29 4.25 11.98 14.67 9.65 16.75 3.63 8.38 17.88 9.12 15.75 19.78 10.16 15.78 10.44 13.81 8.33 9.98 12.66 19.38 8.82 10.75 11.66 13.69 27.26 11.94 7.92 4.68 16.47 9.69 12.37 14.37 20.87 6.35 19.55 18.83 12.06 3.38 40.7 16.92 12.15 21.85 12.52 21.34 5.64 11.91 18.16 8.56 17.08 4.22 33.02 2.62 5.84 11.07 7.87 12.91 13.64 30.08 15.55 6.47 27.38 5.72 5.45 20.4 11.2 2.2 5.99 9.28 9.8 4.44 12.35 5.7 13 3.95 9.64 4.15 13.24 15.65 5.44 5.64 6.1 20 8.51 12.99 19.95 1.65 4.12 20.18 4.92 14.94 7.29 16.35 13.05 4.23 15.8 17.36 11.67 9.18 7.48 15.15 8.52 32.06 15.76 14.91 13.39 12.62 8.41 5.88 22.39 8.62 12.03 9.61 14.16 3.68 8.08 21.07 13.99 5.33 24.63 28.17 27.73 12.23 30.8 16.67 8.16 23.06 18.67 8.33 7.91 18.13 14.54 13.89 21.87 34.2 10.54 12.96 7.07 11.37 28.29 9.08 23.04 24.41 18.32 40.66 15.48 27 26.37 34.57 7.97 6.5 27.78 12.1 16.21 13.24 30.84 10.59 9.95 7.63 13.55 8.46 24.24 16.98 7.38 20.07 21.9 21.82 12.96 12.45 9.49 6.31 15.51 44.95 24.39 40.93 13.57 13.6 10.96 11.33 29.85 32.06 25.51 14.29 24.01 16.21 10.93 16.46 15.23 24.39 17.85 34.7 26.23 12.66 9.91 11.48 18.73 3.98 13.86 9.84 13.08 8.66 28.91 9.09 4.99 2.92 17.67 10.16 25.1 20.45 18.55 29.17 15.41 10.01 10.85 8.1 8.42 4.48 9.43 7.95 11.44 5.74 19.07 9.36 17.77 7.23 4.57 12.92 8.17 6.27 15.09 16.48 16.39 1.14 10 7.76 5.34 19.79 9.31 8.82 9.72 8.24 11.2 14.68 13.4 11.8 19.59 14.11 17.65 12.09 10.44 6.71 19.81 20.93 3.62 9.05 19.74 7.37 5.62 18.26 14.77 5.15 20.85 10.45 28.27 1.77 11.9 10.89 8.82 11.83 2.68 26.99 2.58 5.55 13.12 11.81 16.19 30.56 22.73 15.94 5.78 17.46 5.73 11.77 15.17 15.14 2.13 12.19 13.14 22.17 11.86 24.29 8.42 8.4 11.76 18.34 20.96 12.33 19.79 16.58 13.63 14.56 16.98 15.73 8.83 24.34 21.63 22.74 27.34 34.09 10.12 6.93 9.77 23.38 5.72 20.46 4 10.89 3.16 8.33 8.44 21.85 8.23 14.75 14.93 4.17 4.03 11.07 22.43 28.99 14.83 12.2 6.05 12.82 14.26 13.78 9.61 9.73 19.98 12.48 10.43 26.96 9.71 6.32 15.22 6.94 7.22 21.12 6.74 8.05 12.62 13.97 15.47 4.73 13.55 12.47 3.21 6.38 11.32 18.37 22.49 5.63 12.35 4.93 13.26 24.24 11.12 16.87 11.81 8.56 20.17 11.71 17.1 18.99 13.18 10.24 6.5 8.01 12.57 12.22 19.12 8.21 12.83 20.82 11.93 12.02 11.15 13.98 10.74 10.9 12.59 24.77 6.57 6.03 12.61 5.46 20.89 14.15 27.57 9.98 20.83 11.19 15.16 6.68 10.79 7.81 29.75 9.86 15.52 23.87 15.43 24.68 10.16 12.83 5.35 5.56 14.75 23.91 27.73 26.12 22.88 21.31 8.5 12.91 27.09 28.44 9.61 12.56 20.86 20.93 22.4 23.92 11.15 8.06 9.54 17.21 10.45 21.42 9.47 21.66 4.97 7.98 22.63 17.9 3.94 15.81 13.12 22.68 2.01 26.44 7.21 13.18 22.41 5.82 23.81 10.75 17.38 25.24 16.25 24.86 24.21 20.55 30.71 0.67 16.96 14.7 9.61 11.15 9.95 21.51 16 20.23 1.69 4.39 6.75 21.51 10.33 8.09 7.75 8.14 13.97 18.55 13.72 8.65 13.15 2.7 12.94 9.84 28.82 9.24 20.37 7.15 15.03 25.27 12.76 9.82 17.45 28.65 7.09 0.75 0.57 17.89 6.69 20 9.35 4.75 15.09 19.48 25.04 12.35 8.53 5.98 1.94 7.96 25.86 9.87 22.41 8.64 15 13.17 19.85 11.46 2.54 17.67 19.61 16.18 5.46 28.69 5.81 14.53 26.78 12.9 12.9 14.15 13.16 10.57 8.06 16.66 26.47 16.77 22.79 9.13 21.12 9.23 37.11 18.18 8.55 9.12 19.67 17.67 2.47 16.83 11.04 4.61 22.82 3.19 19.67 3.86 10.21 15.72 7.31 21.75 26.34 12.89 26.91 8.66 17.15 11.54 8.88 22.92 14.63 19.9 16.23 27.03 25.07 13.86 19.16 17.85 35.04 9.44 18.81 25.22 18.12 15.36 13.6 12.57 19.81 1.79 15.7 3.76 27.7 5.97 12.81 15.53 16.1 12.59 17.08 5.31 18.27 20.72 21.11 9.22 16.55 9.44 19.11 13.66 27.58 15.96 5.73 9.68 8.53 12.88 25.73 25.88 11.68 12.31 9.83 29.4 13.44 14.17 35.8 9.62 14.13 7.38 21.94 16.91 8.76 15.79 18.88 9.71 23.92 5.43 21.17 12.26 3.24 6.76 12.05 6.34 13.15 5.58 15.11 11.94 23.07 12.11 4.17 8.36 5.57 7.67 6.93 22.19 14.22 20.02 15.15 11.3 1.27 29.13 6.21 16.71 19.44 7.1 9.06 37.02 23.15 7.26 18.13 6.89 5.16 3.51 32.83 17.56 26.79 17.2 14.57 11.37 6.4 18.8 13.06 9.57 15.95 27.54 10.61 17.81 8.95 11.5 4.91 4.82 36.51 21.48 18.41 15.28 16.78 26.36 17.77 5.36 13.42 6.75 22.86 4.52 13.48 22.05 10.67 22.76 23.57 10.63 22.18 3.16 12.7 8.36 20.69 9.99 14.25 17.23 26.31 21.42 7.91 7.49 13.8 3.77 18.08 23.71 13.6 15.57 14.61 13.02 10.55 18.16 10.55 20.42 7.2 13.25 23.21 7.21 12.48 7.61 11.44 11.34 13.35 6.14 14.98 14.57 2.22 10.93 4.22 5.92 12.5 2.47 11.96 11.98 22.37 11.67 14.6 26.08 2.87 18.02 30.27 29.25 20.5 13.66 13.6 7.49 1.38 30.58 6.46 33.16 11.29 10.46 27.9 2 4.65 9.78 5.13 18.35 13.8 21.21 21.31 14.73 22.64 4.96 22.65 27.8 30.51 25.75 42.32 24.96 0.46 20.63 13.32 13.43 25.12 8.5 12.35 9.05 9.88 13.62 22.58 32.49 11.47 21.25 5.47 3.37 2.82 6.54 14.4 34.87 23.51 21.48 24.63 2.17 13.76 6.75 14.17 22.6 34.71 11.3 29.23 4.43 7.03 12.05 20.27 15.06 13.28 16.88 5.05 14.36 34.91 12.98 15.61 25.31 10.78 31.43 6 27.05 13.61 15.44 20.16 25.09 7.64 21.55 15.81 0.13 17.91 15.1 17.18 19.01 
1.77 1.99 2.42 2.99 2.16 2.96 2.91 1.11 1.45 1.34 1.5 2.2 2.54 2.99 2.36 1.46 1.48 2.32 1.14 2.74 1.4 2.32 1.79 1.43 1.83 1.24 2.86 1.64 1.95 1.85 1.47 2.95 1.5 1.84 1.4 2.86 1.62 2.25 2.39 1.2 1.2 1.76 1.61 2.06 1.1 2.39 2.79 1.51 2.18 1.33 2.91 1.3 2.99 2.28 2.99 1.92 1.08 2.53 2.24 1.8 2.51 1.87 2.19 2.07 2.49 1.43 2.73 2.85 2.28 1.75 1.23 1.89 1.7 1.24 2.47 2.26 1.07 1.82 1.2 2.4 1.59 2.76 1.35 1.35 2.66 2.06 2.31 2.38 1.41 1.42 1.62 1.67 2.24 1.42 2.63 1.23 1.32 1.87 2.8 1.55 1.66 2.48 2.83 1.63 1.28 2.72 2.32 1.16 1.72 2.03 2.79 2.29 1.77 1.29 2.43 1.06 1.3 2.19 2.69 2.81 2.63 2.5 2.74 2.98 1.82 2.82 1.41 2.21 1.59 1.39 1.13 2.58 2.1 2.4 1.48 1.98 1.31 2.17 2.45 2.14 1.21 2.87 1.68 2.49 1.83 2.57 1.22 1.51 2.99 2.24 2.02 2.16 1.54 1.06 2.41 2.65 2.98 1.3 2.21 1.71 1.9 1.11 2.36 2.49 1.18 2.68 2.65 1.32 2.09 2.45 1.11 1.54 2.72 1.11 1.01 1.2 1.78 1.29 1.7 2.82 2.55 2.7 1.14 2.41 2.02 1.55 2.38 2.58 2.39 1.25 1.6 1.45 1.79 1.23 1.88 2.95 1.26 1.27 2.69 1.22 2.97 1.5 1.61 2.65 2.44 2.6 2.9 1.68 2.77 1.13 2.87 2.04 1.99 1.14 1.97 2.52 2.87 1.38 1.44 1.56 1.75 1.88 1.3 2.16 1.86 2.91 2.21 2.5 1.84 1.21 1 2.13 2.18 2.25 2.09 1.92 1.6 1.98 2.54 2.1 2.82 2.7 2.76 1.36 2.3 2.16 1.37 2.55 1.85 1.02 1.25 1.46 1.76 1.53 1.86 1.55 1.64 2.32 2.92 2.78 1.33 2.62 1.96 1.49 1.19 2.6 1.93 2.67 2.43 1.19 2 1.69 1 1.7 2.39 1.81 1.33 1.22 1.25 1.4 1.89 1.84 2.68 1.13 2.13 1.49 2.98 2.45 1.74 2.6 2.47 2.42 1.2 2.5 3 1.85 2.21 1.49 1.39 1.22 2.03 2.97 2.44 2.78 1.38 2.82 1.76 1.55 2.14 2.91 2.5 1.1 2.74 2.26 1.42 2.42 1.61 2.05 1.28 2.46 1.75 1.96 2.38 3 1.9 2.87 2.44 2.63 2.63 2.82 1.62 2.99 2.72 1.11 1.97 2.45 1.11 1.69 1.88 1.6 2.62 2.7 2.97 2.67 1.27 1.75 2.29 2.24 1.8 2.48 2.35 2.41 2.22 1.54 1.2 1.1 2.86 2.75 1.67 2.34 2.69 1.55 1.01 2.33 1.61 2.41 1.76 1.07 2.18 2.97 2.79 2.19 1.7 1.26 1.58 1.94 1.29 2.64 1 2.37 1.41 1.07 2.92 2.02 2.68 1.48 2.42 2.43 2.56 2.31 1.16 2.52 1.81 1.52 2.76 2.51 2.94 2.63 1.96 1.81 1.73 2.38 1.45 2.35 1.31 2.01 2.24 2.01 1.57 2.43 2.31 1.74 2.2 1.17 2.54 1.96 1.78 1.02 2.54 1.44 2.38 2.47 2.21 1.49 2.27 1.67 1.1 1.96 1.84 2.61 1.7 2.87 1.78 2.61 1.91 2.17 2.52 1.54 1.8 2.87 2.06 1.45 2.07 2.14 2.87 1 1.9 1.94 1.02 2.28 1.06 1.84 2.87 1.28 1.22 2.94 1.39 1.97 1.4 2.03 2.62 2.14 1.12 1.53 1.37 1.2 1.11 2.81 1.14 1.45 2.14 1.43 1.44 1.23 2.94 2.44 1.05 1.91 2.63 2.84 1.05 2.45 2.54 2.22 1.45 1.83 1.61 1.17 1.57 1.27 1.8 1.04 2.46 1.98 1.3 1.99 2.69 2.96 1.18 2.31 2.22 2.22 2.17 1.71 1.61 2.09 2.68 2.52 1.49 2.14 1.33 2.22 1.4 1.67 2.45 2.18 2.47 2.18 1.73 1.71 2 1.54 1.63 2.41 1.44 1.98 2.44 1.52 2.76 1.45 1.1 1.81 1.66 1.37 1.75 2.69 1.39 1.48 2.15 1.24 1.91 1.04 1.7 2.91 2.68 1.11 1.32 2.29 1.5 1.29 2.98 1.11 1.08 1.72 1.15 2.41 2.93 2.88 1.66 2.35 1.6 1.42 2.79 1.47 2.39 1.48 1.76 2.34 2.64 1.84 1.01 2.41 2.98 2.85 2.31 2.61 2.42 2.98 2.67 2.21 1 1.28 1.77 2.77 2.13 1.64 1.56 2.49 3 2.43 1.05 1.61 2.37 2.47 1.38 2.29 2.43 2.09 2.17 1.67 2.08 2.59 2.07 2.93 2.38 2.91 2.83 2.05 1.22 2.41 2.97 2.49 2.28 1.17 1.49 1.22 1.47 2.29 1.2 2.93 2.9 1.53 1.86 1.63 1.07 1.32 2.79 2.46 2.66 1.76 1.79 2.61 1.65 2.14 1.09 2.65 2.79 1.47 1.87 1 2.63 1.6 1.76 2.81 1.94 2.99 2.48 1.94 2.43 1.53 1.31 1.12 2.81 1.94 2.13 1.66 2.88 1.57 2.12 1.06 1.04 2 2.49 2.18 2.1 1.86 2.83 2.38 2 1.88 1.12 2.14 1.23 1.68 1.53 1.7 1.35 1.83 2.17 1.35 1.29 2.37 2.16 1.37 1.93 2.39 1.01 1.86 1.73 2.02 1.25 2.17 2.57 1.41 1.23 2.35 1.27 2.23 1.08 2.01 2.63 2.42 1.17 1.21 2.64 2.82 1.88 2.85 2.97 1.67 2.87 1.02 1.47 2.63 2.96 1.11 2.51 2.74 2.64 1.47 2.79 2.19 1.32 2.92 1.17 1.44 1.8 2.13 1.98 2.62 2.52 2.42 2.41 2.31 1.71 2.96 1.38 2.19 1.19 2.74 2.26 1.53 2.08 1.35 1.2 1.23 1.98 2.68 1.68 1.78 2.16 2.78 2.12 2.82 2.31 1.45 1.73 2.72 1.2 1.43 2.09 1.49 1 1.47 2.07 1.9 1.29 1.08 1.05 1.98 1.05 1.09 1.62 1.58 2.12 1.89 1.86 2.18 2.56 1.36 1.68 1.27 1.74 2.96 2.77 1.61 1.23 2.77 2.32 2.71 1.25 1.26 2.37 2.23 1.22 1.96 1.23 2.48 1.62 2.37 2.21 1.41 1.97 2.48 2.58 2.74 2.38 1.02 1.76 2.36 2.91 1.61 1.71 2.05 2.49 2.23 2.85 1.14 2.03 1.06 1.79 2.05 2.83 1.64 2.68 1.27 2.97 1.77 2.64 2.37 1.33 2.47 2.49 2.52 1.46 2.45 1.57 1.1 1.28 2.33 2.19 1.62 2.24 2.71 1.96 1.83 2.52 1.89 1.4 1.12 1.81 1.44 2.1 2.24 1.89 1.48 1.87 2.04 1.02 1.75 2.02 2.77 1.99 2.16 2.39 2.56 2.02 1.71 1.99 1.71 2.16 2.27 1.52 2.99 2.89 1.04 1.62 1.48 3 2.06 2.51 2.26 2.52 1.95 2.23 1.77 1.21 2.84 1.67 2.91 1.1 1.76 1.98 2.07 2.34 1.21 1.49 1.67 1.15 1.77 2.31 2.58 1.44 2.28 1.08 2.26 2.12 1.93 2.88 2.74 2.07 2.09 1.26 2.17 1.16 1.72 2.14 2.26 2.76 2.64 1.04 1.37 1.97 2.66 2.33 1.53 1.93 2.3 2.37 1.07 1.38 1.29 2.02 2.81 2.53 2.89 1.15 2.49 2.16 1.82 2.98 2.47 2.88 2.19 1.73 1.57 1.85 2.87 2.78 2.21 1.44 2.88 1.69 1.78 1.48 2.33 1.72 1.47 1.4 1.17 2.68 2.87 2.22 1.84 1.52 2.39 1.71 1.51 1.09 1.45 2.27 1.94 2.06 2.4 1.5 1.5 2.96 2.08 1.48 2.53 2.04 1.16 1.04 2.53 2.45 1.59 2.24 1.54 1.85 1.1 2.47 2.52 2.9 2.25 2.17 2.06 2.32 2.37 2.51 2.69 1.19 2.18 2.68 2.76 1.37 1.34 1.12 2.36 1.06 2.35 2.15 2.76 2.92 1.7 2.53 1.64 1.25 1.18 2.17 2.25 1.38 2.83 1.72 2.15 2.6 1.36 2.76 1.58 2.78 2.83 1.17 1.91 2.82 2.51 2.76 1.58 1.09 1.13 1.89 1.94 1.09 2.1 2.78 2.64 1.31 1.29 1.8 1.1 2.79 2.01 1.9 1.25 2.07 1.82 2.77 2.74 2.45 1.43 2.45 2.94 2.41 2.77 1.2 1.6 2.26 1.43 2.63 2.78 2.43 2.51 2.89 2.47 1.11 2 1.43 2.34 2.28 2.58 1.69 2.9 2.95 2.52 1.28 2.45 2.62 2.48 2.29 2.04 1.91 2.58 2.86 1.77 1.61 2.23 2.93 1.29 2.88 2.81 1.7 1.66 1.56 1.25 2.34 1.18 2.22 1.7 1.15 2.98 1.66 1.04 2.12 2.07 2.57 2.04 1.03 2.66 2.67 2.07 1.91 2.74 1.66 1.98 2.39 2.66 1.92 2.31 1.76 1.44 2.96 1.59 2.11 2.66 1.73 2.18 1.29 2.36 2.48 1.84 1.92 2.58 2.45 1.24 1.95 2.55 1.44 1.03 2.94 1.76 3 2.85 2.2 2.65 1.22 1.77 2.62 1.27 1.72 2.99 2.1 1.5 1.86 1.7 1.18 1.02 1.09 1.13 1.9 1.14 2.95 2.16 2.71 2.32 2.61 2.69 1.09 1.31 2.4 2.95 1.74 2.52 1.23 2.14 2.94 2.44 1.16 1.22 2.01 2.18 2.44 1.36 1.28 2.01 1.84 2.03 1.16 1.22 2.88 2.81 1.31 1.85 1.73 1.23 1.59 2.27 1.05 1.98 2.43 2.43 1.28 2.17 1.21 2.95 2.1 2.19 2.65 1.82 1.04 2.42 2.12 2.94 2.57 1.43 1.71 2.43 2.3 
